0	0	0.8
1	1	0.8
2	2	0.8
3	3	0.6
4	4	0.8
5	5	0.8
6	6	0.4
7	7	0.15
8	8	0.8
9	9	0.7
10	10	0.8
11	11	0.1
12	12	0.35
13	13	0.6
14	14	0.6
15	15	0.2
16	16	0.4
17	17	0.8
18	18	0.14
19	19	0.4
20	20	0.266667
21	21	0.3
22	22	0.8
23	23	0.4
24	24	0.6
25	25	0.4
26	26	0.4
27	27	0.4
28	28	0.16
29	29	0.3
30	30	0.4
31	31	0.4
32	32	0.8
33	33	0.8
34	34	0.8
35	35	0.168421
36	36	0.6
37	37	0.6
38	38	0.4
39	39	0.8
40	40	0.15
41	41	0.3
42	42	0.7
43	43	0.4
44	44	0.4
45	45	0.3
46	46	0.2
47	47	0.246154
48	48	0.8
49	49	0.6
50	50	0.175
51	51	0.8
52	52	0.8
53	53	0.8
54	54	0.2
55	55	0.2
56	56	0.8
57	57	0.193103
58	58	0.4
59	59	0.266667
60	60	0.4
61	61	0.4
62	62	0.233333
63	63	0.6
64	64	0.4
65	65	0.8
66	66	0.4
67	67	0.4
68	68	0.7
69	69	0.3
70	70	0.35
71	71	0.8
72	72	0.8
73	73	0.3
74	74	0.8
75	75	0.3
76	76	0.4
77	77	0.4
78	78	0.457143
79	79	0.266667
80	80	0.266667
81	81	0.8
82	82	0.457143
83	83	0.15
84	84	0.8
85	85	0.175
86	86	0.3
87	87	0.3
88	88	0.266667
89	89	0.4
90	90	0.6
91	91	0.35
92	92	0.6
93	93	0.2
94	94	0.16
95	95	0.218182
96	96	0.4
97	97	0.4
98	98	0.4
99	99	0.8
100	100	0.8
101	101	0.8
102	102	0.266667
103	103	0.8
104	104	0.3
105	105	0.6
106	106	0.8
107	107	0.8
108	108	0.6
109	109	0.3
110	110	0.16
111	111	0.4
112	112	0.7
113	113	0.1
114	114	0.4
115	115	0.8
116	116	0.266667
117	117	0.8
118	118	0.8
119	119	0.266667
120	120	0.266667
121	121	0.8
122	122	0.8
123	123	0.8
124	124	0.266667
125	125	0.266667
126	126	0.6
127	127	0.8
128	128	0.16
129	129	0.8
130	130	0.233333
131	131	0.15
132	132	0.266667
133	133	0.3
134	134	0.266667
135	135	0.266667
136	136	0.6
137	137	0.35
138	138	0.4
139	139	0.457143
140	140	0.8
141	141	0.3
142	142	0.35
143	143	0.4
144	144	0.8
145	145	0.8
146	146	0.4
147	147	0.2
148	148	0.4
149	149	0.8
150	150	0.4
151	151	0.228571
152	152	0.0388889
153	153	0.3
154	154	0.116667
155	155	0.14
156	156	0.3
157	157	0.266667
158	158	0.0388889
159	159	0.0388889
160	160	0.0388889
161	161	0.0388889
162	162	0.0388889
163	163	0.0388889
164	164	0.0388889
165	165	0.0388889
166	166	0.175
167	167	0.0388889
168	168	0.0388889
169	169	0.0388889
170	170	0.0388889
171	171	0.0388889
172	172	0.266667
173	173	0.8
174	174	0.4
175	175	0.14
176	176	0.175
177	177	0.7
178	178	0.07
179	179	0.07
180	180	0.3
181	181	0.0388889
182	182	0.8
183	183	0.8
184	184	0.2
185	185	0.35
186	186	0.8
187	187	0.8
188	188	0.4
189	189	0.8
190	190	0.266667
191	191	0.14
192	192	0.32
193	193	0.6
194	194	0.175
195	195	0.233333
196	196	0.3
197	197	0.290909
198	198	0.233333
199	199	0.3
200	200	0.581818
201	201	0.4
202	202	0.233333
203	203	0.8
204	204	0.8
205	205	0.8
206	206	0.233333
207	207	0.266667
208	208	0.8
209	209	0.7
210	210	0.4
211	211	0.8
212	212	0.7
213	213	0.8
214	214	0.266667
215	215	0.8
216	216	0.8
217	217	0.15
218	218	0.8
219	219	0.8
220	220	0.342857
221	221	0.8
222	222	0.4
223	223	0.8
224	224	0.2
225	225	0.3
226	226	0.3
227	227	0.457143
228	228	0.8
229	229	0.266667
230	230	0.4
231	231	0.426667
232	232	0.35
233	233	0.266667
234	234	0.6
235	235	0.4
236	236	0.266667
237	237	0.8
238	238	0.2
239	239	0.1
240	240	0.15
241	241	0.342857
242	242	0.8
243	243	0.6
244	244	0.457143
245	245	0.8
246	246	0.4
247	247	0.8
248	248	0.7
249	249	0.233333
250	250	0.4
251	251	0.7
252	252	0.228571
253	253	0.8
254	254	0.290909
255	255	0.3
256	256	0.168421
257	257	0.266667
258	258	0.266667
259	259	0.8
260	260	0.266667
261	261	0.8
262	262	0.233333
263	263	0.266667
264	264	0.35
265	265	0.15
266	266	0.266667
267	267	0.8
268	268	0.35
269	269	0.7
270	270	0.8
271	271	0.8
272	272	0.2
273	273	0.4
274	274	0.175
275	275	0.3
276	276	0.4
277	277	0.2
278	278	0.8
279	279	0.14
280	280	0.14
281	281	0.3
282	282	0.8
283	283	0.35
284	284	0.8
285	285	0.8
286	286	0.228571
287	287	0.15
288	288	0.457143
289	289	0.2
290	290	0.14
291	291	0.8
292	292	0.14
293	293	0.6
294	294	0.8
295	295	0.35
296	296	0.4
297	297	0.8
298	298	0.8
299	299	0.266667
300	300	0.342857
301	301	0.8
302	302	0.8
303	303	0.6
304	304	0.16
305	305	0.6
306	306	0.266667
307	307	0.8
308	308	0.228571
309	309	0.266667
310	310	0.4
311	311	0.4
312	312	0.4
313	313	0.266667
314	314	0.35
315	315	0.8
316	316	0.8
317	317	0.15
318	318	0.7
319	319	0.35
320	320	0.15
321	321	0.8
322	322	0.457143
323	323	0.3
324	324	0.342857
325	325	0.3
326	326	0.147368
327	327	0.4
328	328	0.266667
329	329	0.35
330	330	0.32
331	331	0.4
332	332	0.8
333	333	0.6
334	334	0.8
335	335	0.193103
336	336	0.8
337	337	0.266667
338	338	0.6
339	339	0.457143
340	340	0.4
341	341	0.4
342	342	0.254545
343	343	0.35
344	344	0.3
345	345	0.35
346	346	0.2
347	347	0.8
348	348	0.2
349	349	0.4
350	350	0.342857
351	351	0.8
352	352	0.8
353	353	0.4
354	354	0.8
355	355	0.8
356	356	0.4
357	357	0.266667
358	358	0.1
359	359	0.35
360	360	0.8
361	361	0.35
362	362	0.8
363	363	0.4
364	364	0.7
365	365	0.3
366	366	0.8
367	367	0.14
368	368	0.35
369	369	0.35
370	370	0.7
371	371	0.7
372	372	0.4
373	373	0.290909
374	374	0.6
375	375	0.3
376	376	0.35
377	377	0.2
378	378	0.233333
379	379	0.8
380	380	0.266667
381	381	0.8
382	382	0.3
383	383	0.7
384	384	0.233333
385	385	0.188235
386	386	0.4
387	387	0.3
388	388	0.6
389	389	0.2
390	390	0.233333
391	391	0.8
392	392	0.35
393	393	0.8
394	394	0.7
395	395	0.6
396	396	0.290909
397	397	0.4
398	398	0.8
399	399	0.4
400	400	0.2
401	401	0.35
402	402	0.8
403	403	0.8
404	404	0.188235
405	405	0.233333
406	406	0.233333
407	407	0.233333
408	408	0.3
409	409	0.7
410	410	0.457143
411	411	0.8
412	412	0.8
413	413	0.8
414	414	0.8
415	415	0.6
416	416	0.8
417	417	0.290909
418	418	0.6
419	419	0.4
420	420	0.4
421	421	0.373333
422	422	0.35
423	423	0.233333
424	424	0.3
425	425	0.290909
426	426	0.175
427	427	0.4
428	428	0.123077
429	429	0.4
430	430	0.4
431	431	0.8
432	432	0.35
433	433	0.15
434	434	0.4
435	435	0.5
436	436	0.3
437	437	0.342857
438	438	0.4
439	439	0.4
440	440	0.7
441	441	0.8
442	442	0.8
443	443	0.7
444	444	0.4
445	445	0.8
446	446	0.4
447	447	0.4
448	448	0.2
449	449	0.266667
450	450	0.6
451	451	0.6
452	452	0.4
453	453	0.266667
454	454	0.7
455	455	0.8
456	456	0.290909
457	457	0.4
458	458	0.228571
459	459	0.35
460	460	0.8
461	461	0.32
462	462	0.8
463	463	0.373333
464	464	0.342857
465	465	0.133333
466	466	0.14
467	467	0.3
468	468	0.6
469	469	0.266667
470	470	0.4
471	471	0.8
472	472	0.6
473	473	0.8
474	474	0.6
475	475	0.8
476	476	0.35
477	477	0.4
478	478	0.233333
479	479	0.3
480	480	0.8
481	481	0.6
482	482	0.35
483	483	0.8
484	484	0.3
485	485	0.4
486	486	0.8
487	487	0.8
488	488	0.8
489	489	0.8
490	490	0.8
491	491	0.7
492	492	0.35
493	493	0.342857
494	494	0.8
495	495	0.4
496	496	0.266667
497	497	0.7
498	498	0.7
499	499	0.6
500	500	0.8
501	501	0.4
502	502	0.7
503	503	0.2
504	504	0.266667
505	505	0.233333
506	506	0.4
507	507	0.4
508	508	0.233333
509	509	0.7
510	510	0.4
511	511	0.8
512	512	0.8
513	513	0.3
514	514	0.4
515	515	0.2
516	516	0.8
517	517	0.266667
518	518	0.266667
519	519	0.8
520	520	0.8
521	521	0.290909
522	522	0.8
523	523	0.4
524	524	0.32
525	525	0.14
526	526	0.3
527	527	0.35
528	528	0.35
529	529	0.7
530	530	0.4
531	531	0.193103
532	532	0.6
533	533	0.3
534	534	0.8
535	535	0.15
536	536	0.4
537	537	0.147368
538	538	0.266667
539	539	0.4
540	540	0.290909
541	541	0.8
542	542	0.15
543	543	0.7
544	544	0.8
545	545	0.35
546	546	0.266667
547	547	0.35
548	548	0.4
549	549	0.290909
550	550	0.8
551	551	0.266667
552	552	0.8
553	553	0.8
554	554	0.233333
555	555	0.254545
556	556	0.4
557	557	0.7
558	558	0.8
559	559	0.7
560	560	0.266667
561	561	0.14
562	562	0.266667
563	563	0.15
564	564	0.4
565	565	0.4
566	566	0.4
567	567	0.4
568	568	0.8
569	569	0.4
570	570	0.8
571	571	0.8
572	572	0.8
573	573	0.7
574	574	0.233333
575	575	0.7
576	576	0.4
577	577	0.8
578	578	0.7
579	579	0.15
580	580	0.457143
581	581	0.145455
582	582	0.35
583	583	0.8
584	584	0.290909
585	585	0.4
586	586	0.175
587	587	0.342857
588	588	0.14
589	589	0.8
590	590	0.8
591	591	0.8
592	592	0.8
593	593	0.233333
594	594	0.3
595	595	0.4
596	596	0.133333
597	597	0.15
598	598	0.6
599	599	0.6
600	600	0.8
601	601	0.266667
602	602	0.3
603	603	0.4
604	604	0.4
605	605	0.4
606	606	0.8
607	607	0.8
608	608	0.266667
609	609	0.8
610	610	0.4
611	611	0.4
612	612	0.4
613	613	0.4
614	614	0.4
615	615	0.4
616	616	0.6
617	617	0.2
618	618	0.8
619	619	0.4
620	620	0.4
621	621	0.266667
622	622	0.4
623	623	0.8
624	624	0.266667
625	625	0.4
626	626	0.457143
627	627	0.8
628	628	0.266667
629	629	0.3
630	630	0.8
631	631	0.4
632	632	0.8
633	633	0.126316
634	634	0.4
635	635	0.4
636	636	0.266667
637	637	0.4
638	638	0.8
639	639	0.2
640	640	0.4
641	641	0.4
642	642	0.8
643	643	0.8
644	644	0.35
645	645	0.266667
646	646	0.266667
647	647	0.7
648	648	0.2
649	649	0.4
650	650	0.8
651	651	0.4
652	652	0.266667
653	653	0.2
654	654	0.4
655	655	0.3
656	656	0.266667
657	657	0.2
658	658	0.8
659	659	0.35
660	660	0.2
661	661	0.8
662	662	0.266667
663	663	0.581818
664	664	0.266667
665	665	0.8
666	666	0.7
667	667	0.266667
668	668	0.2
669	669	0.8
670	670	0.4
671	671	0.2
672	672	0.8
673	673	0.2
674	674	0.4
675	675	0.7
676	676	0.8
677	677	0.24
678	678	0.8
679	679	0.342857
680	680	0.2
681	681	0.8
682	682	0.4
683	683	0.8
684	684	0.2
685	685	0.4
686	686	0.2
687	687	0.4
688	688	0.2
689	689	0.8
690	690	0.3
691	691	0.8
692	692	0.266667
693	693	0.14
694	694	0.3
695	695	0.4
696	696	0.266667
697	697	0.4
698	698	0.8
699	699	0.6
700	700	0.8
701	701	0.8
702	702	0.266667
703	703	0.266667
704	704	0.266667
705	705	0.4
706	706	0.8
707	707	0.8
708	708	0.8
709	709	0.8
710	710	0.4
711	711	0.35
712	712	0.8
713	713	0.0636364
714	714	0.8
715	715	0.8
716	716	0.7
717	717	0.4
718	718	0.35
719	719	0.266667
720	720	0.8
721	721	0.0636364
722	722	0.2
723	723	0.266667
724	724	0.35
725	725	0.7
726	726	0.4
727	727	0.8
728	728	0.133333
729	729	0.35
730	730	0.0636364
731	731	0.15
732	732	0.7
733	733	0.266667
734	734	0.4
735	735	0.8
736	736	0.0777778
737	737	0.15
738	738	0.8
739	739	0.266667
740	740	0.233333
741	741	0.8
742	742	0.0636364
743	743	0.0411765
744	744	0.0411765
745	745	0.35
746	746	0.0636364
747	747	0.0636364
748	748	0.2
749	749	0.0411765
750	750	0.8
751	751	0.2
752	752	0.116667
753	753	0.266667
754	754	0.0411765
755	755	0.0388889
756	756	0.0636364
757	757	0.0777778
758	758	0.4
759	759	0.4
760	760	0.35
761	761	0.0388889
762	762	0.116667
763	763	0.233333
764	764	0.0777778
765	765	0.0388889
766	766	0.116667
767	767	0.116667
768	768	0.116667
769	769	0.0411765
770	770	0.0411765
771	771	0.35
772	772	0.0777778
773	773	0.07
774	774	0.233333
775	775	0.07
776	776	0.8
777	777	0.116667
778	778	0.0411765
779	779	0.0411765
780	780	0.0636364
781	781	0.07
782	782	0.0411765
783	783	0.0411765
784	784	0.0411765
785	785	0.0636364
786	786	0.0411765
787	787	0.0411765
788	788	0.07
789	789	0.116667
790	790	0.116667
791	791	0.0411765
792	792	0.0777778
793	793	0.07
794	794	0.07
795	795	0.07
796	796	0.116667
797	797	0.0411765
798	798	0.4
799	799	0.8
800	800	0.8
801	801	0.0777778
802	802	0.4
803	803	0.7
804	804	0.7
805	805	0.8
806	806	0.4
807	807	0.116667
808	808	0.0411765
809	809	0.35
810	810	0.4
811	811	0.266667
812	812	0.35
813	813	0.8
814	814	0.8
815	815	0.116667
816	816	0.0411765
817	817	0.35
818	818	0.35
819	819	0.4
820	820	0.233333
821	821	0.4
822	822	0.4
823	823	0.4
824	824	0.2
825	825	0.8
826	826	0.2
827	827	0.4
828	828	0.8
829	829	0.4
830	830	0.8
831	831	0.0777778
832	832	0.4
833	833	0.4
834	834	0.7
835	835	0.266667
836	836	0.8
837	837	0.8
838	838	0.8
839	839	0.3
840	840	0.4
841	841	0.4
842	842	0.8
843	843	0.35
844	844	0.8
845	845	0.15
846	846	0.8
847	847	0.8
848	848	0.3
849	849	0.2
850	850	0.15
851	851	0.8
852	852	0.342857
853	853	0.8
854	854	0.8
855	855	0.7
856	856	0.8
857	857	0.8
858	858	0.4
859	859	0.233333
860	860	0.133333
861	861	0.6
862	862	0.4
863	863	0.266667
864	864	0.2
865	865	0.2
866	866	0.8
867	867	0.8
868	868	0.3
869	869	0.266667
870	870	0.266667
871	871	0.8
872	872	0.35
873	873	0.4
874	874	0.266667
875	875	0.7
876	876	0.1
877	877	0.266667
878	878	0.4
879	879	0.2
880	880	0.16
881	881	0.16
882	882	0.3
883	883	0.16
884	884	0.4
885	885	0.8
886	886	0.4
887	887	0.22069
888	888	0.4
889	889	0.16
890	890	0.16
891	891	0.16
892	892	0.8
893	893	0.2
894	894	0.2
895	895	0.8
896	896	0.4
897	897	0.7
898	898	0.7
899	899	0.15
900	900	0.7
901	901	0.3
902	902	0.8
903	903	0.8
904	904	0.4
905	905	0.4
906	906	0.4
907	907	0.266667
908	908	0.8
909	909	0.266667
910	910	0.4
911	911	0.266667
912	912	0.8
913	913	0.266667
914	914	0.266667
915	915	0.8
916	916	0.8
917	917	0.4
918	918	0.233333
919	919	0.4
920	920	0.8
921	921	0.4
922	922	0.3
923	923	0.266667
924	924	0.8
925	925	0.2
926	926	0.4
927	927	0.266667
928	928	0.8
929	929	0.8
930	930	0.133333
931	931	0.8
932	932	0.266667
933	933	0.266667
934	934	0.4
935	935	0.4
936	936	0.3
937	937	0.2
938	938	0.8
939	939	0.4
940	940	0.266667
941	941	0.8
942	942	0.3
943	943	0.8
944	944	0.8
945	945	0.342857
946	946	0.4
947	947	0.8
948	948	0.266667
949	949	0.3
950	950	0.3
951	951	0.8
952	952	0.8
953	953	0.2
954	954	0.3
955	955	0.6
956	956	0.266667
957	957	0.8
958	958	0.4
959	959	0.266667
960	960	0.8
961	961	0.266667
962	962	0.218182
963	963	0.4
964	964	0.6
965	965	0.8
966	966	0.3
967	967	0.4
968	968	0.3
969	969	0.4
970	970	0.8
971	971	0.4
972	972	0.8
973	973	0.457143
974	974	0.8
975	975	0.266667
976	976	0.4
977	977	0.266667
978	978	0.8
979	979	0.14
980	980	0.15
981	981	0.6
982	982	0.266667
983	983	0.266667
984	984	0.4
985	985	0.8
986	986	0.15
987	987	0.4
988	988	0.4
989	989	0.8
990	990	0.4
991	991	0.8
992	992	0.266667
993	993	0.6
994	994	0.266667
995	995	0.6
996	996	0.8
997	997	0.8
998	998	0.8
999	999	0.266667
1000	1000	0.4
1001	1001	0.15
1002	1002	0.2
1003	1003	0.3
1004	1004	0.4
1005	1005	0.8
1006	1006	0.184615
1007	1007	0.426667
1008	1008	0.4
1009	1009	0.4
1010	1010	0.2
1011	1011	0.8
1012	1012	0.6
1013	1013	0.6
1014	1014	0.8
1015	1015	0.3
1016	1016	0.4
1017	1017	0.266667
1018	1018	0.4
1019	1019	0.8
1020	1020	0.8
1021	1021	0.16
1022	1022	0.4
1023	1023	0.228571
1024	1024	0.3
1025	1025	0.266667
1026	1026	0.171429
1027	1027	0.109091
1028	1028	0.4
1029	1029	0.4
1030	1030	0.266667
1031	1031	0.266667
1032	1032	0.114286
1033	1033	0.8
1034	1034	0.15
1035	1035	0.8
1036	1036	0.8
1037	1037	0.4
1038	1038	0.188235
1039	1039	0.188235
1040	1040	0.6
1041	1041	0.8
1042	1042	0.266667
1043	1043	0.1
1044	1044	0.109091
1045	1045	0.184615
1046	1046	0.4
1047	1047	0.8
1048	1048	0.15
1049	1049	0.184615
1050	1050	0.266667
1051	1051	0.266667
1052	1052	0.4
1053	1053	0.3
1054	1054	0.6
1055	1055	0.8
1056	1056	0.4
1057	1057	0.266667
1058	1058	0.8
1059	1059	0.4
1060	1060	0.32
1061	1061	0.8
1062	1062	0.15
1063	1063	0.4
1064	1064	0.15
1065	1065	0.15
1066	1066	0.6
1067	1067	0.15
1068	1068	0.15
1069	1069	0.8
1070	1070	0.266667
1071	1071	0.16
1072	1072	0.133333
1073	1073	0.6
1074	1074	0.2
1075	1075	0.3
1076	1076	0.8
1077	1077	0.16
1078	1078	0.6
1079	1079	0.15
1080	1080	0.4
1081	1081	0.2
1082	1082	0.8
1083	1083	0.218182
1084	1084	0.114286
1085	1085	0.4
1086	1086	0.184615
1087	1087	0.24
1088	1088	0.342857
1089	1089	0.4
1090	1090	0.266667
1091	1091	0.24
1092	1092	0.4
1093	1093	0.15
1094	1094	0.4
1095	1095	0.114286
1096	1096	0.4
1097	1097	0.266667
1098	1098	0.6
1099	1099	0.8
1100	1100	0.4
1101	1101	0.16
1102	1102	0.290909
1103	1103	0.266667
1104	1104	0.4
1105	1105	0.266667
1106	1106	0.8
1107	1107	0.4
1108	1108	0.8
1109	1109	0.8
1110	1110	0.4
1111	1111	0.8
1112	1112	0.114286
1113	1113	0.1
1114	1114	0.266667
1115	1115	0.266667
1116	1116	0.3
1117	1117	0.3
1118	1118	0.266667
1119	1119	0.6
1120	1120	0.6
1121	1121	0.24
1122	1122	0.8
1123	1123	0.4
1124	1124	0.1
1125	1125	0.3
1126	1126	0.24
1127	1127	0.8
1128	1128	0.15
1129	1129	0.8
1130	1130	0.6
1131	1131	0.8
1132	1132	0.8
1133	1133	0.15
1134	1134	0.15
1135	1135	0.6
1136	1136	0.4
1137	1137	0.266667
1138	1138	0.8
1139	1139	0.4
1140	1140	0.4
1141	1141	0.114286
1142	1142	0.35
1143	1143	0.3
1144	1144	0.4
1145	1145	0.218182
1146	1146	0.3
1147	1147	0.342857
1148	1148	0.4
1149	1149	0.4
1150	1150	0.8
1151	1151	0.16
1152	1152	0.15
1153	1153	0.8
1154	1154	0.8
1155	1155	0.8
1156	1156	0.2
1157	1157	0.133333
1158	1158	0.6
1159	1159	0.8
1160	1160	0.6
1161	1161	0.8
1162	1162	0.171429
1163	1163	0.4
1164	1164	0.171429
1165	1165	0.8
1166	1166	0.3
1167	1167	0.3
1168	1168	0.4
1169	1169	0.457143
1170	1170	0.8
1171	1171	0.15
1172	1172	0.8
1173	1173	0.24
1174	1174	0.24
1175	1175	0.4
1176	1176	0.4
1177	1177	0.8
1178	1178	0.4
1179	1179	0.109091
1180	1180	0.8
1181	1181	0.8
1182	1182	0.15
1183	1183	0.1
1184	1184	0.266667
1185	1185	0.14
1186	1186	0.141176
1187	1187	0.6
1188	1188	0.342857
1189	1189	0.1
1190	1190	0.266667
1191	1191	0.15
1192	1192	0.4
1193	1193	0.8
1194	1194	0.2
1195	1195	0.35
1196	1196	0.266667
1197	1197	0.171429
1198	1198	0.8
1199	1199	0.4
1200	1200	0.35
1201	1201	0.218182
1202	1202	0.266667
1203	1203	0.3
1204	1204	0.15
1205	1205	0.8
1206	1206	0.4
1207	1207	0.4
1208	1208	0.109091
1209	1209	0.266667
1210	1210	0.8
1211	1211	0.141176
1212	1212	0.266667
1213	1213	0.266667
1214	1214	0.266667
1215	1215	0.8
1216	1216	0.8
1217	1217	0.3
1218	1218	0.3
1219	1219	0.15
1220	1220	0.8
1221	1221	0.6
1222	1222	0.1
1223	1223	0.4
1224	1224	0.8
1225	1225	0.8
1226	1226	0.15
1227	1227	0.8
1228	1228	0.4
1229	1229	0.8
1230	1230	0.109091
1231	1231	0.16
1232	1232	0.3
1233	1233	0.6
1234	1234	0.8
1235	1235	0.16
1236	1236	0.6
1237	1237	0.8
1238	1238	0.246154
1239	1239	0.6
1240	1240	0.2
1241	1241	0.1
1242	1242	0.266667
1243	1243	0.15
1244	1244	0.266667
1245	1245	0.133333
1246	1246	0.3
1247	1247	0.342857
1248	1248	0.1
1249	1249	0.15
1250	1250	0.141176
1251	1251	0.8
1252	1252	0.1
1253	1253	0.342857
1254	1254	0.15
1255	1255	0.1
1256	1256	0.8
1257	1257	0.266667
1258	1258	0.35
1259	1259	0.3
1260	1260	0.8
1261	1261	0.6
1262	1262	0.4
1263	1263	0.2
1264	1264	0.109091
1265	1265	0.114286
1266	1266	0.4
1267	1267	0.266667
1268	1268	0.4
1269	1269	0.4
1270	1270	0.8
1271	1271	0.1
1272	1272	0.8
1273	1273	0.3
1274	1274	0.114286
1275	1275	0.1
1276	1276	0.8
1277	1277	0.8
1278	1278	0.266667
1279	1279	0.266667
1280	1280	0.4
1281	1281	0.4
1282	1282	0.171429
1283	1283	0.1
1284	1284	0.133333
1285	1285	0.4
1286	1286	0.8
1287	1287	0.4
1288	1288	0.2
1289	1289	0.266667
1290	1290	0.3
1291	1291	0.2
1292	1292	0.4
1293	1293	0.8
1294	1294	0.8
1295	1295	0.184615
1296	1296	0.8
1297	1297	0.8
1298	1298	0.4
1299	1299	0.8
1300	1300	0.8
1301	1301	0.3
1302	1302	0.8
1303	1303	0.141176
1304	1304	0.184615
1305	1305	0.4
1306	1306	0.8
1307	1307	0.8
1308	1308	0.8
1309	1309	0.3
1310	1310	0.0923077
1311	1311	0.218182
1312	1312	0.8
1313	1313	0.8
1314	1314	0.2
1315	1315	0.8
1316	1316	0.15
1317	1317	0.266667
1318	1318	0.8
1319	1319	0.4
1320	1320	0.3
1321	1321	0.7
1322	1322	0.8
1323	1323	0.4
1324	1324	0.8
1325	1325	0.8
1326	1326	0.8
1327	1327	0.3
1328	1328	0.3
1329	1329	0.15
1330	1330	0.4
1331	1331	0.266667
1332	1332	0.4
1333	1333	0.15
1334	1334	0.3
1335	1335	0.4
1336	1336	0.2
1337	1337	0.7
1338	1338	0.16
1339	1339	0.15
1340	1340	0.8
1341	1341	0.8
1342	1342	0.3
1343	1343	0.8
1344	1344	0.4
1345	1345	0.266667
1346	1346	0.24
1347	1347	0.141176
1348	1348	0.8
1349	1349	0.8
1350	1350	0.6
1351	1351	0.15
1352	1352	0.6
1353	1353	0.8
1354	1354	0.7
1355	1355	0.8
1356	1356	0.266667
1357	1357	0.7
1358	1358	0.4
1359	1359	0.218182
1360	1360	0.8
1361	1361	0.4
1362	1362	0.4
1363	1363	0.3
1364	1364	0.15
1365	1365	0.8
1366	1366	0.8
1367	1367	0.4
1368	1368	0.8
1369	1369	0.8
1370	1370	0.4
1371	1371	0.8
1372	1372	0.581818
1373	1373	0.8
1374	1374	0.4
1375	1375	0.8
1376	1376	0.8
1377	1377	0.1
1378	1378	0.4
1379	1379	0.7
1380	1380	0.4
1381	1381	0.15
1382	1382	0.15
1383	1383	0.35
1384	1384	0.8
1385	1385	0.8
1386	1386	0.4
1387	1387	0.1
1388	1388	0.6
1389	1389	0.8
1390	1390	0.8
1391	1391	0.4
1392	1392	0.15
1393	1393	0.16
1394	1394	0.3
1395	1395	0.6
1396	1396	0.4
1397	1397	0.6
1398	1398	0.8
1399	1399	0.35
1400	1400	0.15
1401	1401	0.4
1402	1402	0.6
1403	1403	0.8
1404	1404	0.266667
1405	1405	0.3
1406	1406	0.15
1407	1407	0.3
1408	1408	0.8
1409	1409	0.8
1410	1410	0.141176
1411	1411	0.8
1412	1412	0.8
1413	1413	0.8
1414	1414	0.8
1415	1415	0.4
1416	1416	0.8
1417	1417	0.4
1418	1418	0.35
1419	1419	0.8
1420	1420	0.8
1421	1421	0.4
1422	1422	0.8
1423	1423	0.3
1424	1424	0.4
1425	1425	0.7
1426	1426	0.7
1427	1427	0.266667
1428	1428	0.1
1429	1429	0.8
1430	1430	0.8
1431	1431	0.3
1432	1432	0.4
1433	1433	0.4
1434	1434	0.8
1435	1435	0.171429
1436	1436	0.6
1437	1437	0.8
1438	1438	0.8
1439	1439	0.8
1440	1440	0.8
1441	1441	0.7
1442	1442	0.4
1443	1443	0.8
1444	1444	0.7
1445	1445	0.4
1446	1446	0.8
1447	1447	0.3
1448	1448	0.4
1449	1449	0.4
1450	1450	0.8
1451	1451	0.8
1452	1452	0.3
1453	1453	0.8
1454	1454	0.4
1455	1455	0.8
1456	1456	0.8
1457	1457	0.8
1458	1458	0.8
1459	1459	0.6
1460	1460	0.8
1461	1461	0.7
1462	1462	0.3
1463	1463	0.8
1464	1464	0.4
1465	1465	0.3
1466	1466	0.0636364
1467	1467	0.3
1468	1468	0.8
1469	1469	0.8
1470	1470	0.7
1471	1471	0.8
1472	1472	0.8
1473	1473	0.8
1474	1474	0.8
1475	1475	0.4
1476	1476	0.266667
1477	1477	0.233333
1478	1478	0.7
1479	1479	0.8
1480	1480	0.35
1481	1481	0.171429
1482	1482	0.8
1483	1483	0.7
1484	1484	0.35
1485	1485	0.171429
1486	1486	0.4
1487	1487	0.8
1488	1488	0.8
1489	1489	0.35
1490	1490	0.7
1491	1491	0.133333
1492	1492	0.35
1493	1493	0.8
1494	1494	0.8
1495	1495	0.233333
1496	1496	0.8
1497	1497	0.266667
1498	1498	0.8
1499	1499	0.8
1500	1500	0.342857
1501	1501	0.8
1502	1502	0.8
1503	1503	0.7
1504	1504	0.3
1505	1505	0.8
1506	1506	0.3
1507	1507	0.8
1508	1508	0.4
1509	1509	0.4
1510	1510	0.8
1511	1511	0.2
1512	1512	0.7
1513	1513	0.8
1514	1514	0.8
1515	1515	0.1
1516	1516	0.6
1517	1517	0.8
1518	1518	0.4
1519	1519	0.266667
1520	1520	0.7
1521	1521	0.4
1522	1522	0.4
1523	1523	0.8
1524	1524	0.8
1525	1525	0.4
1526	1526	0.6
1527	1527	0.8
1528	1528	0.8
1529	1529	0.233333
1530	1530	0.6
1531	1531	0.266667
1532	1532	0.133333
1533	1533	0.4
1534	1534	0.8
1535	1535	0.7
1536	1536	0.7
1537	1537	0.15
1538	1538	0.8
1539	1539	0.7
1540	1540	0.3
1541	1541	0.8
1542	1542	0.8
1543	1543	0.4
1544	1544	0.8
1545	1545	0.8
1546	1546	0.8
1547	1547	0.4
1548	1548	0.4
1549	1549	0.35
1550	1550	0.4
1551	1551	0.4
1552	1552	0.6
1553	1553	0.8
1554	1554	0.8
1555	1555	0.8
1556	1556	0.8
1557	1557	0.8
1558	1558	0.8
1559	1559	0.3
1560	1560	0.8
1561	1561	0.35
1562	1562	0.8
1563	1563	0.3
1564	1564	0.16
1565	1565	0.4
1566	1566	0.8
1567	1567	0.4
1568	1568	0.266667
1569	1569	0.233333
1570	1570	0.342857
1571	1571	0.16
1572	1572	0.8
1573	1573	0.4
1574	1574	0.4
1575	1575	0.457143
1576	1576	0.8
1577	1577	0.16
1578	1578	0.4
1579	1579	0.16
1580	1580	0.266667
1581	1581	0.8
1582	1582	0.8
1583	1583	0.8
1584	1584	0.4
1585	1585	0.266667
1586	1586	0.171429
1587	1587	0.8
1588	1588	0.16
1589	1589	0.4
1590	1590	0.8
1591	1591	0.8
1592	1592	0.4
1593	1593	0.8
1594	1594	0.266667
1595	1595	0.4
1596	1596	0.4
1597	1597	0.35
1598	1598	0.8
1599	1599	0.8
1600	1600	0.8
1601	1601	0.3
1602	1602	0.266667
1603	1603	0.2
1604	1604	0.4
1605	1605	0.2
1606	1606	0.4
1607	1607	0.2
1608	1608	0.4
1609	1609	0.7
1610	1610	0.218182
1611	1611	0.4
1612	1612	0.6
1613	1613	0.266667
1614	1614	0.6
1615	1615	0.8
1616	1616	0.266667
1617	1617	0.8
1618	1618	0.2
1619	1619	0.266667
1620	1620	0.6
1621	1621	0.3
1622	1622	0.8
1623	1623	0.8
1624	1624	0.266667
1625	1625	0.233333
1626	1626	0.457143
1627	1627	0.35
1628	1628	0.8
1629	1629	0.8
1630	1630	0.8
1631	1631	0.4
1632	1632	0.8
1633	1633	0.8
1634	1634	0.3
1635	1635	0.4
1636	1636	0.8
1637	1637	0.3
1638	1638	0.1
1639	1639	0.8
1640	1640	0.15
1641	1641	0.4
1642	1642	0.8
1643	1643	0.7
1644	1644	0.4
1645	1645	0.8
1646	1646	0.8
1647	1647	0.7
1648	1648	0.15
1649	1649	0.7
1650	1650	0.233333
1651	1651	0.35
1652	1652	0.8
1653	1653	0.35
1654	1654	0.233333
1655	1655	0.3
1656	1656	0.15
1657	1657	0.4
1658	1658	0.8
1659	1659	0.8
1660	1660	0.3
1661	1661	0.8
1662	1662	0.266667
1663	1663	0.233333
1664	1664	0.233333
1665	1665	0.35
1666	1666	0.8
1667	1667	0.233333
1668	1668	0.3
1669	1669	0.7
1670	1670	0.35
1671	1671	0.8
1672	1672	0.233333
1673	1673	0.1
1674	1674	0.7
1675	1675	0.233333
1676	1676	0.35
1677	1677	0.8
1678	1678	0.35
1679	1679	0.233333
1680	1680	0.233333
1681	1681	0.233333
1682	1682	0.233333
1683	1683	0.233333
1684	1684	0.233333
1685	1685	0.35
1686	1686	0.233333
1687	1687	0.581818
1688	1688	0.8
1689	1689	0.14
1690	1690	0.4
1691	1691	0.8
1692	1692	0.3
1693	1693	0.6
1694	1694	0.233333
1695	1695	0.8
1696	1696	0.4
1697	1697	0.8
1698	1698	0.133333
1699	1699	0.233333
1700	1700	0.14
1701	1701	0.4
1702	1702	0.6
1703	1703	0.2
1704	1704	0.2
1705	1705	0.342857
1706	1706	0.233333
1707	1707	0.233333
1708	1708	0.7
1709	1709	0.35
1710	1710	0.6
1711	1711	0.8
1712	1712	0.7
1713	1713	0.14
1714	1714	0.6
1715	1715	0.7
1716	1716	0.7
1717	1717	0.14
1718	1718	0.8
1719	1719	0.35
1720	1720	0.35
1721	1721	0.3
1722	1722	0.8
1723	1723	0.8
1724	1724	0.3
1725	1725	0.35
1726	1726	0.342857
1727	1727	0.7
1728	1728	0.7
1729	1729	0.4
1730	1730	0.4
1731	1731	0.8
1732	1732	0.7
1733	1733	0.7
1734	1734	0.35
1735	1735	0.7
1736	1736	0.16
1737	1737	0.35
1738	1738	0.4
1739	1739	0.7
1740	1740	0.4
1741	1741	0.35
1742	1742	0.35
1743	1743	0.8
1744	1744	0.7
1745	1745	0.233333
1746	1746	0.35
1747	1747	0.8
1748	1748	0.8
1749	1749	0.8
1750	1750	0.8
1751	1751	0.16
1752	1752	0.16
1753	1753	0.8
1754	1754	0.8
1755	1755	0.35
1756	1756	0.8
1757	1757	0.35
1758	1758	0.2
1759	1759	0.2
1760	1760	0.35
1761	1761	0.35
1762	1762	0.7
1763	1763	0.35
1764	1764	0.228571
1765	1765	0.35
1766	1766	0.3
1767	1767	0.3
1768	1768	0.8
1769	1769	0.8
1770	1770	0.8
1771	1771	0.4
1772	1772	0.4
1773	1773	0.233333
1774	1774	0.233333
1775	1775	0.35
1776	1776	0.35
1777	1777	0.7
1778	1778	0.7
1779	1779	0.35
1780	1780	0.35
1781	1781	0.7
1782	1782	0.15
1783	1783	0.35
1784	1784	0.7
1785	1785	0.7
1786	1786	0.4
1787	1787	0.3
1788	1788	0.8
1789	1789	0.15
1790	1790	0.6
1791	1791	0.6
1792	1792	0.35
1793	1793	0.0923077
1794	1794	0.6
1795	1795	0.7
1796	1796	0.1
1797	1797	0.7
1798	1798	0.8
1799	1799	0.4
1800	1800	0.8
1801	1801	0.233333
1802	1802	0.6
1803	1803	0.8
1804	1804	0.266667
1805	1805	0.35
1806	1806	0.3
1807	1807	0.342857
1808	1808	0.35
1809	1809	0.8
1810	1810	0.3
1811	1811	0.6
1812	1812	0.8
1813	1813	0.35
1814	1814	0.8
1815	1815	0.4
1816	1816	0.7
1817	1817	0.7
1818	1818	0.4
1819	1819	0.6
1820	1820	0.8
1821	1821	0.7
1822	1822	0.2
1823	1823	0.4
1824	1824	0.4
1825	1825	0.8
1826	1826	0.8
1827	1827	0.8
1828	1828	0.3
1829	1829	0.342857
1830	1830	0.8
1831	1831	0.3
1832	1832	0.8
1833	1833	0.4
1834	1834	0.4
1835	1835	0.8
1836	1836	0.3
1837	1837	0.6
1838	1838	0.8
1839	1839	0.3
1840	1840	0.35
1841	1841	0.8
1842	1842	0.4
1843	1843	0.3
1844	1844	0.3
1845	1845	0.6
1846	1846	0.8
1847	1847	0.8
1848	1848	0.15
1849	1849	0.8
1850	1850	0.6
1851	1851	0.8
1852	1852	0.266667
1853	1853	0.342857
1854	1854	0.7
1855	1855	0.3
1856	1856	0.8
1857	1857	0.3
1858	1858	0.8
1859	1859	0.8
1860	1860	0.8
1861	1861	0.8
1862	1862	0.6
1863	1863	0.8
1864	1864	0.3
1865	1865	0.4
1866	1866	0.8
1867	1867	0.6
1868	1868	0.8
1869	1869	0.35
1870	1870	0.342857
1871	1871	0.8
1872	1872	0.3
1873	1873	0.15
1874	1874	0.3
1875	1875	0.16
1876	1876	0.16
1877	1877	0.3
1878	1878	0.6
1879	1879	0.6
1880	1880	0.4
1881	1881	0.6
1882	1882	0.6
1883	1883	0.8
1884	1884	0.6
1885	1885	0.15
1886	1886	0.8
1887	1887	0.8
1888	1888	0.8
1889	1889	0.6
1890	1890	0.6
1891	1891	0.266667
1892	1892	0.6
1893	1893	0.6
1894	1894	0.4
1895	1895	0.8
1896	1896	0.4
1897	1897	0.4
1898	1898	0.266667
1899	1899	0.6
1900	1900	0.6
1901	1901	0.8
1902	1902	0.8
1903	1903	0.2
1904	1904	0.16
1905	1905	0.8
1906	1906	0.15
1907	1907	0.342857
1908	1908	0.8
1909	1909	0.4
1910	1910	0.16
1911	1911	0.6
1912	1912	0.8
1913	1913	0.8
1914	1914	0.4
1915	1915	0.8
1916	1916	0.266667
1917	1917	0.8
1918	1918	0.8
1919	1919	0.8
1920	1920	0.1
1921	1921	0.8
1922	1922	0.4
1923	1923	0.266667
1924	1924	0.6
1925	1925	0.6
1926	1926	0.4
1927	1927	0.6
1928	1928	0.8
1929	1929	0.8
1930	1930	0.8
1931	1931	0.0923077
1932	1932	0.3
1933	1933	0.3
1934	1934	0.6
1935	1935	0.3
1936	1936	0.6
1937	1937	0.8
1938	1938	0.266667
1939	1939	0.4
1940	1940	0.4
1941	1941	0.342857
1942	1942	0.8
1943	1943	0.8
1944	1944	0.342857
1945	1945	0.8
1946	1946	0.3
1947	1947	0.3
1948	1948	0.8
1949	1949	0.8
1950	1950	0.8
1951	1951	0.8
1952	1952	0.8
1953	1953	0.4
1954	1954	0.266667
1955	1955	0.8
1956	1956	0.3
1957	1957	0.6
1958	1958	0.4
1959	1959	0.4
1960	1960	0.266667
1961	1961	0.8
1962	1962	0.4
1963	1963	0.6
1964	1964	0.8
1965	1965	0.8
1966	1966	0.15
1967	1967	0.266667
1968	1968	0.6
1969	1969	0.4
1970	1970	0.266667
1971	1971	0.8
1972	1972	0.266667
1973	1973	0.35
1974	1974	0.7
1975	1975	0.290909
1976	1976	0.266667
1977	1977	0.8
1978	1978	0.8
1979	1979	0.4
1980	1980	0.7
1981	1981	0.3
1982	1982	0.457143
1983	1983	0.6
1984	1984	0.266667
1985	1985	0.6
1986	1986	0.8
1987	1987	0.7
1988	1988	0.15
1989	1989	0.6
1990	1990	0.3
1991	1991	0.8
1992	1992	0.8
1993	1993	0.8
1994	1994	0.8
1995	1995	0.15
1996	1996	0.6
1997	1997	0.8
1998	1998	0.8
1999	1999	0.8
2000	2000	0.4
2001	2001	0.8
2002	2002	0.8
2003	2003	0.4
2004	2004	0.8
2005	2005	0.7
2006	2006	0.2
2007	2007	0.266667
2008	2008	0.6
2009	2009	0.6
2010	2010	0.6
2011	2011	0.6
2012	2012	0.8
2013	2013	0.4
2014	2014	0.8
2015	2015	0.8
2016	2016	0.266667
2017	2017	0.7
2018	2018	0.35
2019	2019	0.35
2020	2020	0.35
2021	2021	0.3
2022	2022	0.7
2023	2023	0.175
2024	2024	0.7
2025	2025	0.35
2026	2026	0.7
2027	2027	0.3
2028	2028	0.8
2029	2029	0.233333
2030	2030	0.175
2031	2031	0.175
2032	2032	0.7
2033	2033	0.2
2034	2034	0.4
2035	2035	0.8
2036	2036	0.8
2037	2037	0.233333
2038	2038	0.233333
2039	2039	0.175
2040	2040	0.6
2041	2041	0.6
2042	2042	0.6
2043	2043	0.6
2044	2044	0.4
2045	2045	0.4
2046	2046	0.12
2047	2047	0.12
2048	2048	0.8
2049	2049	0.8
2050	2050	0.6
2051	2051	0.4
2052	2052	0.2
2053	2053	0.8
2054	2054	0.8
2055	2055	0.4
2056	2056	0.6
2057	2057	0.12
2058	2058	0.8
2059	2059	0.8
2060	2060	0.4
2061	2061	0.8
2062	2062	0.266667
2063	2063	0.15
2064	2064	0.2
2065	2065	0.266667
2066	2066	0.4
2067	2067	0.6
2068	2068	0.266667
2069	2069	0.8
2070	2070	0.4
2071	2071	0.171429
2072	2072	0.3
2073	2073	0.8
2074	2074	0.4
2075	2075	0.8
2076	2076	0.3
2077	2077	0.6
2078	2078	0.3
2079	2079	0.8
2080	2080	0.4
2081	2081	0.4
2082	2082	0.3
2083	2083	0.4
2084	2084	0.266667
2085	2085	0.8
2086	2086	0.8
2087	2087	0.6
2088	2088	0.4
2089	2089	0.4
2090	2090	0.4
2091	2091	0.15
2092	2092	0.12
2093	2093	0.8
2094	2094	0.8
2095	2095	0.4
2096	2096	0.8
2097	2097	0.3
2098	2098	0.12
2099	2099	0.266667
2100	2100	0.8
2101	2101	0.8
2102	2102	0.8
2103	2103	0.6
2104	2104	0.0857143
2105	2105	0.0857143
2106	2106	0.8
2107	2107	0.168421
2108	2108	0.8
2109	2109	0.8
2110	2110	0.4
2111	2111	0.7
2112	2112	0.6
2113	2113	0.6
2114	2114	0.8
2115	2115	0.266667
2116	2116	0.3
2117	2117	0.3
2118	2118	0.6
2119	2119	0.6
2120	2120	0.0857143
2121	2121	0.0857143
2122	2122	0.4
2123	2123	0.8
2124	2124	0.3
2125	2125	0.6
2126	2126	0.8
2127	2127	0.7
2128	2128	0.3
2129	2129	0.0545455
2130	2130	0.12
2131	2131	0.8
2132	2132	0.0857143
2133	2133	0.8
2134	2134	0.4
2135	2135	0.8
2136	2136	0.266667
2137	2137	0.8
2138	2138	0.221053
2139	2139	0.3
2140	2140	0.290909
2141	2141	0.4
2142	2142	0.8
2143	2143	0.8
2144	2144	0.6
2145	2145	0.0545455
2146	2146	0.8
2147	2147	0.8
2148	2148	0.8
2149	2149	0.4
2150	2150	0.7
2151	2151	0.6
2152	2152	0.3
2153	2153	0.3
2154	2154	0.8
2155	2155	0.075
2156	2156	0.075
2157	2157	0.4
2158	2158	0.8
2159	2159	0.21
2160	2160	0.0857143
2161	2161	0.4
2162	2162	0.8
2163	2163	0.7
2164	2164	0.177778
2165	2165	0.177778
2166	2166	0.0545455
2167	2167	0.8
2168	2168	0.323077
2169	2169	0.15
2170	2170	0.8
2171	2171	0.8
2172	2172	0.8
2173	2173	0.15
2174	2174	0.8
2175	2175	0.266667
2176	2176	0.3
2177	2177	0.221053
2178	2178	0.155556
2179	2179	0.168
2180	2180	0.168
2181	2181	0.2
2182	2182	0.8
2183	2183	0.8
2184	2184	0.457143
2185	2185	0.323077
2186	2186	0.168
2187	2187	0.6
2188	2188	0.6
2189	2189	0.457143
2190	2190	0.8
2191	2191	0.8
2192	2192	0.7
2193	2193	0.3
2194	2194	0.15
2195	2195	0.8
2196	2196	0.4
2197	2197	0.21
2198	2198	0.323077
2199	2199	0.075
2200	2200	0.6
2201	2201	0.8
2202	2202	0.6
2203	2203	0.0545455
2204	2204	0.8
2205	2205	0.4
2206	2206	0.8
2207	2207	0.2
2208	2208	0.6
2209	2209	0.12
2210	2210	0.8
2211	2211	0.4
2212	2212	0.8
2213	2213	0.8
2214	2214	0.35
2215	2215	0.2
2216	2216	0.4
2217	2217	0.1
2218	2218	0.3
2219	2219	0.6
2220	2220	0.8
2221	2221	0.0545455
2222	2222	0.0857143
2223	2223	0.15
2224	2224	0.8
2225	2225	0.2
2226	2226	0.2
2227	2227	0.6
2228	2228	0.15
2229	2229	0.15
2230	2230	0.8
2231	2231	0.4
2232	2232	0.8
2233	2233	0.266667
2234	2234	0.7
2235	2235	0.0636364
2236	2236	0.3
2237	2237	0.6
2238	2238	0.12
2239	2239	0.15
2240	2240	0.4
2241	2241	0.8
2242	2242	0.4
2243	2243	0.266667
2244	2244	0.266667
2245	2245	0.0777778
2246	2246	0.0777778
2247	2247	0.0545455
2248	2248	0.8
2249	2249	0.8
2250	2250	0.2
2251	2251	0.075
2252	2252	0.0545455
2253	2253	0.2
2254	2254	0.2
2255	2255	0.4
2256	2256	0.3
2257	2257	0.2
2258	2258	0.6
2259	2259	0.3
2260	2260	0.12
2261	2261	0.1
2262	2262	0.0545455
2263	2263	0.12
2264	2264	0.4
2265	2265	0.8
2266	2266	0.8
2267	2267	0.7
2268	2268	0.3
2269	2269	0.075
2270	2270	0.075
2271	2271	0.0545455
2272	2272	0.2
2273	2273	0.8
2274	2274	0.8
2275	2275	0.2
2276	2276	0.12
2277	2277	0.0545455
2278	2278	0.2
2279	2279	0.8
2280	2280	0.4
2281	2281	0.8
2282	2282	0.15
2283	2283	0.6
2284	2284	0.3
2285	2285	0.12
2286	2286	0.1
2287	2287	0.2
2288	2288	0.2
2289	2289	0.0545455
2290	2290	0.15
2291	2291	0.15
2292	2292	0.15
2293	2293	0.8
2294	2294	0.12
2295	2295	0.1
2296	2296	0.1
2297	2297	0.2
2298	2298	0.12
2299	2299	0.8
2300	2300	0.8
2301	2301	0.266667
2302	2302	0.8
2303	2303	0.457143
2304	2304	0.35
2305	2305	0.2
2306	2306	0.12
2307	2307	0.2
2308	2308	0.075
2309	2309	0.15
2310	2310	0.6
2311	2311	0.4
2312	2312	0.8
2313	2313	0.8
2314	2314	0.8
2315	2315	0.7
2316	2316	0.3
2317	2317	0.2
2318	2318	0.2
2319	2319	0.1
2320	2320	0.1
2321	2321	0.1
2322	2322	0.4
2323	2323	0.3
2324	2324	0.6
2325	2325	0.12
2326	2326	0.1
2327	2327	0.12
2328	2328	0.12
2329	2329	0.8
2330	2330	0.8
2331	2331	0.3
2332	2332	0.6
2333	2333	0.1
2334	2334	0.2
2335	2335	0.8
2336	2336	0.266667
2337	2337	0.8
2338	2338	0.7
2339	2339	0.3
2340	2340	0.1
2341	2341	0.12
2342	2342	0.15
2343	2343	0.1
2344	2344	0.6
2345	2345	0.2
2346	2346	0.8
2347	2347	0.8
2348	2348	0.8
2349	2349	0.4
2350	2350	0.8
2351	2351	0.8
2352	2352	0.1
2353	2353	0.1
2354	2354	0.3
2355	2355	0.3
2356	2356	0.8
2357	2357	0.4
2358	2358	0.6
2359	2359	0.075
2360	2360	0.6
2361	2361	0.8
2362	2362	0.8
2363	2363	0.4
2364	2364	0.8
2365	2365	0.2
2366	2366	0.12
2367	2367	0.8
2368	2368	0.8
2369	2369	0.8
2370	2370	0.15
2371	2371	0.6
2372	2372	0.6
2373	2373	0.2
2374	2374	0.6
2375	2375	0.12
2376	2376	0.12
2377	2377	0.15
2378	2378	0.1
2379	2379	0.8
2380	2380	0.8
2381	2381	0.4
2382	2382	0.7
2383	2383	0.196
2384	2384	0.6
2385	2385	0.15
2386	2386	0.12
2387	2387	0.1
2388	2388	0.35
2389	2389	0.12
2390	2390	0.8
2391	2391	0.8
2392	2392	0.4
2393	2393	0.8
2394	2394	0.7
2395	2395	0.2
2396	2396	0.1
2397	2397	0.2
2398	2398	0.2
2399	2399	0.8
2400	2400	0.8
2401	2401	0.7
2402	2402	0.342857
2403	2403	0.6
2404	2404	0.6
2405	2405	0.8
2406	2406	0.4
2407	2407	0.3
2408	2408	0.8
2409	2409	0.8
2410	2410	0.12
2411	2411	0.1
2412	2412	0.6
2413	2413	0.457143
2414	2414	0.8
2415	2415	0.4
2416	2416	0.4
2417	2417	0.257895
2418	2418	0.15
2419	2419	0.1
2420	2420	0.3
2421	2421	0.181481
2422	2422	0.2
2423	2423	0.8
2424	2424	0.8
2425	2425	0.2
2426	2426	0.3
2427	2427	0.6
2428	2428	0.266667
2429	2429	0.376923
2430	2430	0.4
2431	2431	0.4
2432	2432	0.2
2433	2433	0.3
2434	2434	0.1
2435	2435	0.4
2436	2436	0.3
2437	2437	0.4
2438	2438	0.3
2439	2439	0.2
2440	2440	0.3
2441	2441	0.8
2442	2442	0.8
2443	2443	0.16
2444	2444	0.8
2445	2445	0.35
2446	2446	0.3
2447	2447	0.4
2448	2448	0.266667
2449	2449	0.8
2450	2450	0.4
2451	2451	0.8
2452	2452	0.7
2453	2453	0.8
2454	2454	0.4
2455	2455	0.8
2456	2456	0.3
2457	2457	0.4
2458	2458	0.4
2459	2459	0.4
2460	2460	0.3
2461	2461	0.8
2462	2462	0.4
2463	2463	0.266667
2464	2464	0.4
2465	2465	0.4
2466	2466	0.6
2467	2467	0.8
2468	2468	0.8
2469	2469	0.8
2470	2470	0.193103
2471	2471	0.193103
2472	2472	0.7
2473	2473	0.3
2474	2474	0.266667
2475	2475	0.4
2476	2476	0.4
2477	2477	0.376923
2478	2478	0.245
2479	2479	0.4
2480	2480	0.4
2481	2481	0.8
2482	2482	0.2
2483	2483	0.4
2484	2484	0.2
2485	2485	0.8
2486	2486	0.4
2487	2487	0.2
2488	2488	0.4
2489	2489	0.245
2490	2490	0.8
2491	2491	0.237037
2492	2492	0.4
2493	2493	0.8
2494	2494	0.3
2495	2495	0.8
2496	2496	0.8
2497	2497	0.4
2498	2498	0.2
2499	2499	0.8
2500	2500	0.8
2501	2501	0.8
2502	2502	0.8
2503	2503	0.8
2504	2504	0.2
2505	2505	0.2
2506	2506	0.4
2507	2507	0.7
2508	2508	0.7
2509	2509	0.3
2510	2510	0.4
2511	2511	0.8
2512	2512	0.8
2513	2513	0.8
2514	2514	0.8
2515	2515	0.3
2516	2516	0.8
2517	2517	0.2
2518	2518	0.266667
2519	2519	0.4
2520	2520	0.8
2521	2521	0.7
2522	2522	0.4
2523	2523	0.8
2524	2524	0.8
2525	2525	0.266667
2526	2526	0.4
2527	2527	0.7
2528	2528	0.207407
2529	2529	0.6
2530	2530	0.8
2531	2531	0.8
2532	2532	0.6
2533	2533	0.8
2534	2534	0.4
2535	2535	0.2
2536	2536	0.8
2537	2537	0.3
2538	2538	0.8
2539	2539	0.7
2540	2540	0.3
2541	2541	0.8
2542	2542	0.8
2543	2543	0.8
2544	2544	0.218182
2545	2545	0.4
2546	2546	0.266667
2547	2547	0.266667
2548	2548	0.4
2549	2549	0.4
2550	2550	0.8
2551	2551	0.8
2552	2552	0.7
2553	2553	0.3
2554	2554	0.426667
2555	2555	0.4
2556	2556	0.426667
2557	2557	0.8
2558	2558	0.4
2559	2559	0.35
2560	2560	0.3
2561	2561	0.8
2562	2562	0.266667
2563	2563	0.4
2564	2564	0.457143
2565	2565	0.7
2566	2566	0.8
2567	2567	0.4
2568	2568	0.8
2569	2569	0.3
2570	2570	0.8
2571	2571	0.8
2572	2572	0.266667
2573	2573	0.4
2574	2574	0.4
2575	2575	0.8
2576	2576	0.457143
2577	2577	0.7
2578	2578	0.7
2579	2579	0.7
2580	2580	0.8
2581	2581	0.4
2582	2582	0.8
2583	2583	0.8
2584	2584	0.8
2585	2585	0.3
2586	2586	0.3
2587	2587	0.8
2588	2588	0.228571
2589	2589	0.15
2590	2590	0.3
2591	2591	0.4
2592	2592	0.3
2593	2593	0.8
2594	2594	0.8
2595	2595	0.266667
2596	2596	0.266667
2597	2597	0.6
2598	2598	0.8
2599	2599	0.8
2600	2600	0.457143
2601	2601	0.6
2602	2602	0.3
2603	2603	0.8
2604	2604	0.266667
2605	2605	0.8
2606	2606	0.8
2607	2607	0.8
2608	2608	0.8
2609	2609	0.8
2610	2610	0.6
2611	2611	0.213333
2612	2612	0.213333
2613	2613	0.8
2614	2614	0.7
2615	2615	0.6
2616	2616	0.4
2617	2617	0.8
2618	2618	0.3
2619	2619	0.8
2620	2620	0.2
2621	2621	0.8
2622	2622	0.4
2623	2623	0.1
2624	2624	0.4
2625	2625	0.4
2626	2626	0.15
2627	2627	0.8
2628	2628	0.8
2629	2629	0.8
2630	2630	0.3
2631	2631	0.8
2632	2632	0.426667
2633	2633	0.8
2634	2634	0.457143
2635	2635	0.8
2636	2636	0.8
2637	2637	0.8
2638	2638	0.4
2639	2639	0.15
2640	2640	0.3
2641	2641	0.266667
2642	2642	0.8
2643	2643	0.8
2644	2644	0.8
2645	2645	0.3
2646	2646	0.8
2647	2647	0.8
2648	2648	0.3
2649	2649	0.4
2650	2650	0.1
2651	2651	0.8
2652	2652	0.8
2653	2653	0.8
2654	2654	0.8
2655	2655	0.8
2656	2656	0.8
2657	2657	0.8
2658	2658	0.6
2659	2659	0.8
2660	2660	0.266667
2661	2661	0.4
2662	2662	0.8
2663	2663	0.3
2664	2664	0.35
2665	2665	0.8
2666	2666	0.168421
2667	2667	0.3
2668	2668	0.8
2669	2669	0.8
2670	2670	0.168421
2671	2671	0.8
2672	2672	0.4
2673	2673	0.8
2674	2674	0.8
2675	2675	0.8
2676	2676	0.8
2677	2677	0.8
2678	2678	0.3
2679	2679	0.6
2680	2680	0.35
2681	2681	0.8
2682	2682	0.8
2683	2683	0.8
2684	2684	0.8
2685	2685	0.8
2686	2686	0.8
2687	2687	0.4
2688	2688	0.4
2689	2689	0.8
2690	2690	0.7
2691	2691	0.3
2692	2692	0.8
2693	2693	0.8
2694	2694	0.4
2695	2695	0.4
2696	2696	0.8
2697	2697	0.8
2698	2698	0.6
2699	2699	0.4
2700	2700	0.3
2701	2701	0.4
2702	2702	0.4
2703	2703	0.8
2704	2704	0.168421
2705	2705	0.6
2706	2706	0.8
2707	2707	0.8
2708	2708	0.3
2709	2709	0.2
2710	2710	0.15
2711	2711	0.4
2712	2712	0.8
2713	2713	0.8
2714	2714	0.3
2715	2715	0.6
2716	2716	0.2
2717	2717	0.2
2718	2718	0.15
2719	2719	0.8
2720	2720	0.4
2721	2721	0.8
2722	2722	0.8
2723	2723	0.32
2724	2724	0.8
2725	2725	0.266667
2726	2726	0.2
2727	2727	0.6
2728	2728	0.24
2729	2729	0.6
2730	2730	0.24
2731	2731	0.8
2732	2732	0.4
2733	2733	0.4
2734	2734	0.4
2735	2735	0.32
2736	2736	0.8
2737	2737	0.8
2738	2738	0.8
2739	2739	0.8
2740	2740	0.2
2741	2741	0.6
2742	2742	0.426667
2743	2743	0.4
2744	2744	0.8
2745	2745	0.8
2746	2746	0.6
2747	2747	0.6
2748	2748	0.24
2749	2749	0.6
2750	2750	0.4
2751	2751	0.8
2752	2752	0.16
2753	2753	0.8
2754	2754	0.266667
2755	2755	0.2
2756	2756	0.16
2757	2757	0.2
2758	2758	0.3
2759	2759	0.15
2760	2760	0.8
2761	2761	0.8
2762	2762	0.8
2763	2763	0.8
2764	2764	0.8
2765	2765	0.35
2766	2766	0.6
2767	2767	0.2
2768	2768	0.7
2769	2769	0.15
2770	2770	0.2
2771	2771	0.07
2772	2772	0.6
2773	2773	0.24
2774	2774	0.4
2775	2775	0.8
2776	2776	0.6
2777	2777	0.8
2778	2778	0.8
2779	2779	0.16
2780	2780	0.266667
2781	2781	0.8
2782	2782	0.6
2783	2783	0.6
2784	2784	0.266667
2785	2785	0.4
2786	2786	0.213333
2787	2787	0.213333
2788	2788	0.8
2789	2789	0.8
2790	2790	0.16
2791	2791	0.4
2792	2792	0.4
2793	2793	0.171429
2794	2794	0.15
2795	2795	0.4
2796	2796	0.213333
2797	2797	0.35
2798	2798	0.6
2799	2799	0.266667
2800	2800	0.8
2801	2801	0.15
2802	2802	0.3
2803	2803	0.6
2804	2804	0.6
2805	2805	0.8
2806	2806	0.4
2807	2807	0.4
2808	2808	0.4
2809	2809	0.16
2810	2810	0.266667
2811	2811	0.8
2812	2812	0.6
2813	2813	0.8
2814	2814	0.8
2815	2815	0.4
2816	2816	0.35
2817	2817	0.35
2818	2818	0.3
2819	2819	0.15
2820	2820	0.3
2821	2821	0.3
2822	2822	0.3
2823	2823	0.266667
2824	2824	0.4
2825	2825	0.8
2826	2826	0.4
2827	2827	0.290909
2828	2828	0.290909
2829	2829	0.3
2830	2830	0.3
2831	2831	0.3
2832	2832	0.266667
2833	2833	0.4
2834	2834	0.266667
2835	2835	0.8
2836	2836	0.266667
2837	2837	0.4
2838	2838	0.4
2839	2839	0.228571
2840	2840	0.35
2841	2841	0.16
2842	2842	0.8
2843	2843	0.2
2844	2844	0.4
2845	2845	0.290909
2846	2846	0.228571
2847	2847	0.4
2848	2848	0.3
2849	2849	0.3
2850	2850	0.8
2851	2851	0.290909
2852	2852	0.8
2853	2853	0.6
2854	2854	0.3
2855	2855	0.218182
2856	2856	0.8
2857	2857	0.3
2858	2858	0.4
2859	2859	0.16
2860	2860	0.2
2861	2861	0.2
2862	2862	0.8
2863	2863	0.457143
2864	2864	0.4
2865	2865	0.3
2866	2866	0.342857
2867	2867	0.2
2868	2868	0.4
2869	2869	0.4
2870	2870	0.8
2871	2871	0.290909
2872	2872	0.4
2873	2873	0.6
2874	2874	0.171429
2875	2875	0.4
2876	2876	0.266667
2877	2877	0.4
2878	2878	0.7
2879	2879	0.3
2880	2880	0.342857
2881	2881	0.8
2882	2882	0.8
2883	2883	0.290909
2884	2884	0.35
2885	2885	0.266667
2886	2886	0.8
2887	2887	0.2
2888	2888	0.4
2889	2889	0.1
2890	2890	0.218182
2891	2891	0.6
2892	2892	0.3
2893	2893	0.171429
2894	2894	0.4
2895	2895	0.266667
2896	2896	0.4
2897	2897	0.8
2898	2898	0.4
2899	2899	0.168421
2900	2900	0.4
2901	2901	0.6
2902	2902	0.2
2903	2903	0.4
2904	2904	0.218182
2905	2905	0.4
2906	2906	0.8
2907	2907	0.3
2908	2908	0.266667
2909	2909	0.4
2910	2910	0.266667
2911	2911	0.4
2912	2912	0.8
2913	2913	0.8
2914	2914	0.4
2915	2915	0.16
2916	2916	0.266667
2917	2917	0.4
2918	2918	0.4
2919	2919	0.8
2920	2920	0.8
2921	2921	0.8
2922	2922	0.266667
2923	2923	0.2
2924	2924	0.457143
2925	2925	0.8
2926	2926	0.35
2927	2927	0.8
2928	2928	0.266667
2929	2929	0.2
2930	2930	0.8
2931	2931	0.8
2932	2932	0.8
2933	2933	0.4
2934	2934	0.4
2935	2935	0.4
2936	2936	0.8
2937	2937	0.266667
2938	2938	0.16
2939	2939	0.8
2940	2940	0.8
2941	2941	0.8
2942	2942	0.266667
2943	2943	0.266667
2944	2944	0.8
2945	2945	0.4
2946	2946	0.266667
2947	2947	0.266667
2948	2948	0.2
2949	2949	0.8
2950	2950	0.7
2951	2951	0.266667
2952	2952	0.2
2953	2953	0.3
2954	2954	0.4
2955	2955	0.266667
2956	2956	0.266667
2957	2957	0.4
2958	2958	0.8
2959	2959	0.266667
2960	2960	0.8
2961	2961	0.4
2962	2962	0.4
2963	2963	0.4
2964	2964	0.4
2965	2965	0.15
2966	2966	0.4
2967	2967	0.8
2968	2968	0.266667
2969	2969	0.266667
2970	2970	0.266667
2971	2971	0.4
2972	2972	0.8
2973	2973	0.8
2974	2974	0.8
2975	2975	0.8
2976	2976	0.35
2977	2977	0.8
2978	2978	0.8
2979	2979	0.8
2980	2980	0.4
2981	2981	0.8
2982	2982	0.266667
2983	2983	0.266667
2984	2984	0.3
2985	2985	0.8
2986	2986	0.8
2987	2987	0.266667
2988	2988	0.8
2989	2989	0.3
2990	2990	0.8
2991	2991	0.4
2992	2992	0.8
2993	2993	0.4
2994	2994	0.3
2995	2995	0.4
2996	2996	0.8
2997	2997	0.4
2998	2998	0.4
2999	2999	0.2
3000	3000	0.8
3001	3001	0.15
3002	3002	0.8
3003	3003	0.2
3004	3004	0.7
3005	3005	0.373333
3006	3006	0.8
3007	3007	0.8
3008	3008	0.8
3009	3009	0.2
3010	3010	0.8
3011	3011	0.8
3012	3012	0.8
3013	3013	0.7
3014	3014	0.35
3015	3015	0.15
3016	3016	0.3
3017	3017	0.8
3018	3018	0.4
3019	3019	0.7
3020	3020	0.6
3021	3021	0.8
3022	3022	0.4
3023	3023	0.266667
3024	3024	0.8
3025	3025	0.8
3026	3026	0.8
3027	3027	0.8
3028	3028	0.266667
3029	3029	0.266667
3030	3030	0.266667
3031	3031	0.4
3032	3032	0.8
3033	3033	0.8
3034	3034	0.4
3035	3035	0.266667
3036	3036	0.4
3037	3037	0.8
3038	3038	0.7
3039	3039	0.4
3040	3040	0.8
3041	3041	0.8
3042	3042	0.4
3043	3043	0.4
3044	3044	0.6
3045	3045	0.8
3046	3046	0.8
3047	3047	0.3
3048	3048	0.8
3049	3049	0.8
3050	3050	0.7
3051	3051	0.6
3052	3052	0.6
3053	3053	0.24
3054	3054	0.8
3055	3055	0.8
3056	3056	0.4
3057	3057	0.8
3058	3058	0.7
3059	3059	0.35
3060	3060	0.3
3061	3061	0.8
3062	3062	0.7
3063	3063	0.7
3064	3064	0.8
3065	3065	0.8
3066	3066	0.4
3067	3067	0.35
3068	3068	0.35
3069	3069	0.7
3070	3070	0.35
3071	3071	0.35
3072	3072	0.6
3073	3073	0.323077
3074	3074	0.24
3075	3075	0.6
3076	3076	0.8
3077	3077	0.7
3078	3078	0.7
3079	3079	0.7
3080	3080	0.35
3081	3081	0.6
3082	3082	0.6
3083	3083	0.4
3084	3084	0.266667
3085	3085	0.8
3086	3086	0.373333
3087	3087	0.35
3088	3088	0.3
3089	3089	0.6
3090	3090	0.8
3091	3091	0.376923
3092	3092	0.35
3093	3093	0.186667
3094	3094	0.186667
3095	3095	0.35
3096	3096	0.8
3097	3097	0.8
3098	3098	0.245
3099	3099	0.35
3100	3100	0.8
3101	3101	0.8
3102	3102	0.193103
3103	3103	0.181481
3104	3104	0.181481
3105	3105	0.7
3106	3106	0.35
3107	3107	0.35
3108	3108	0.15
3109	3109	0.4
3110	3110	0.7
3111	3111	0.7
3112	3112	0.7
3113	3113	0.35
3114	3114	0.7
3115	3115	0.35
3116	3116	0.35
3117	3117	0.7
3118	3118	0.35
3119	3119	0.35
3120	3120	0.7
3121	3121	0.8
3122	3122	0.8
3123	3123	0.4
3124	3124	0.245
3125	3125	0.7
3126	3126	0.7
3127	3127	0.35
3128	3128	0.7
3129	3129	0.7
3130	3130	0.7
3131	3131	0.7
3132	3132	0.7
3133	3133	0.3
3134	3134	0.8
3135	3135	0.7
3136	3136	0.35
3137	3137	0.35
3138	3138	0.7
3139	3139	0.3
3140	3140	0.8
3141	3141	0.8
3142	3142	0.8
3143	3143	0.4
3144	3144	0.7
3145	3145	0.7
3146	3146	0.7
3147	3147	0.7
3148	3148	0.6
3149	3149	0.8
3150	3150	0.35
3151	3151	0.35
3152	3152	0.7
3153	3153	0.175
3154	3154	0.457143
3155	3155	0.7
3156	3156	0.35
3157	3157	0.7
3158	3158	0.6
3159	3159	0.266667
3160	3160	0.8
3161	3161	0.4
3162	3162	0.8
3163	3163	0.35
3164	3164	0.35
3165	3165	0.35
3166	3166	0.35
3167	3167	0.35
3168	3168	0.8
3169	3169	0.8
3170	3170	0.373333
3171	3171	0.35
3172	3172	0.7
3173	3173	0.35
3174	3174	0.35
3175	3175	0.4
3176	3176	0.3
3177	3177	0.7
3178	3178	0.7
3179	3179	0.266667
3180	3180	0.266667
3181	3181	0.4
3182	3182	0.35
3183	3183	0.35
3184	3184	0.175
3185	3185	0.175
3186	3186	0.3
3187	3187	0.8
3188	3188	0.376923
3189	3189	0.7
3190	3190	0.7
3191	3191	0.35
3192	3192	0.7
3193	3193	0.233333
3194	3194	0.14
3195	3195	0.6
3196	3196	0.3
3197	3197	0.2
3198	3198	0.4
3199	3199	0.8
3200	3200	0.4
3201	3201	0.8
3202	3202	0.7
3203	3203	0.35
3204	3204	0.0875
3205	3205	0.116667
3206	3206	0.3
3207	3207	0.6
3208	3208	0.6
3209	3209	0.4
3210	3210	0.426667
3211	3211	0.0875
3212	3212	0.175
3213	3213	0.1
3214	3214	0.1
3215	3215	0.6
3216	3216	0.3
3217	3217	0.3
3218	3218	0.35
3219	3219	0.35
3220	3220	0.0875
3221	3221	0.116667
3222	3222	0.3
3223	3223	0.6
3224	3224	0.457143
3225	3225	0.14
3226	3226	0.7
3227	3227	0.0875
3228	3228	0.116667
3229	3229	0.8
3230	3230	0.8
3231	3231	0.35
3232	3232	0.14
3233	3233	0.0875
3234	3234	0.7
3235	3235	0.35
3236	3236	0.175
3237	3237	0.175
3238	3238	0.35
3239	3239	0.35
3240	3240	0.14
3241	3241	0.116667
3242	3242	0.14
3243	3243	0.6
3244	3244	0.4
3245	3245	0.0875
3246	3246	0.175
3247	3247	0.175
3248	3248	0.3
3249	3249	0.3
3250	3250	0.4
3251	3251	0.116667
3252	3252	0.15
3253	3253	0.3
3254	3254	0.8
3255	3255	0.7
3256	3256	0.7
3257	3257	0.3
3258	3258	0.3
3259	3259	0.6
3260	3260	0.4
3261	3261	0.4
3262	3262	0.7
3263	3263	0.0875
3264	3264	0.35
3265	3265	0.8
3266	3266	0.175
3267	3267	0.0777778
3268	3268	0.6
3269	3269	0.8
3270	3270	0.4
3271	3271	0.8
3272	3272	0.3
3273	3273	0.8
3274	3274	0.8
3275	3275	0.8
3276	3276	0.8
3277	3277	0.4
3278	3278	0.6
3279	3279	0.2
3280	3280	0.8
3281	3281	0.8
3282	3282	0.8
3283	3283	0.266667
3284	3284	0.233333
3285	3285	0.7
3286	3286	0.171429
3287	3287	0.3
3288	3288	0.6
3289	3289	0.2
3290	3290	0.4
3291	3291	0.4
3292	3292	0.4
3293	3293	0.266667
3294	3294	0.8
3295	3295	0.233333
3296	3296	0.0875
3297	3297	0.8
3298	3298	0.457143
3299	3299	0.266667
3300	3300	0.14
3301	3301	0.14
3302	3302	0.6
3303	3303	0.3
3304	3304	0.8
3305	3305	0.4
3306	3306	0.266667
3307	3307	0.8
3308	3308	0.175
3309	3309	0.116667
3310	3310	0.116667
3311	3311	0.116667
3312	3312	0.07
3313	3313	0.35
3314	3314	0.3
3315	3315	0.3
3316	3316	0.2
3317	3317	0.4
3318	3318	0.8
3319	3319	0.8
3320	3320	0.07
3321	3321	0.116667
3322	3322	0.175
3323	3323	0.3
3324	3324	0.3
3325	3325	0.3
3326	3326	0.6
3327	3327	0.2
3328	3328	0.6
3329	3329	0.6
3330	3330	0.8
3331	3331	0.8
3332	3332	0.116667
3333	3333	0.07
3334	3334	0.07
3335	3335	0.116667
3336	3336	0.116667
3337	3337	0.07
3338	3338	0.3
3339	3339	0.2
3340	3340	0.112281
3341	3341	0.8
3342	3342	0.8
3343	3343	0.07
3344	3344	0.07
3345	3345	0.0777778
3346	3346	0.175
3347	3347	0.175
3348	3348	0.35
3349	3349	0.233333
3350	3350	0.233333
3351	3351	0.7
3352	3352	0.6
3353	3353	0.116667
3354	3354	0.116667
3355	3355	0.116667
3356	3356	0.116667
3357	3357	0.0982456
3358	3358	0.116667
3359	3359	0.0982456
3360	3360	0.0982456
3361	3361	0.0982456
3362	3362	0.0982456
3363	3363	0.7
3364	3364	0.0982456
3365	3365	0.233333
3366	3366	0.0777778
3367	3367	0.0777778
3368	3368	0.0777778
3369	3369	0.0777778
3370	3370	0.0777778
3371	3371	0.233333
3372	3372	0.233333
3373	3373	0.7
3374	3374	0.3
3375	3375	0.8
3376	3376	0.8
3377	3377	0.7
3378	3378	0.116667
3379	3379	0.0982456
3380	3380	0.14
3381	3381	0.14
3382	3382	0.14
3383	3383	0.14
3384	3384	0.14
3385	3385	0.14
3386	3386	0.14
3387	3387	0.14
3388	3388	0.35
3389	3389	0.0777778
3390	3390	0.7
3391	3391	0.233333
3392	3392	0.3
3393	3393	0.266667
3394	3394	0.175
3395	3395	0.175
3396	3396	0.7
3397	3397	0.233333
3398	3398	0.0777778
3399	3399	0.233333
3400	3400	0.7
3401	3401	0.35
3402	3402	0.35
3403	3403	0.7
3404	3404	0.6
3405	3405	0.35
3406	3406	0.07
3407	3407	0.233333
3408	3408	0.35
3409	3409	0.35
3410	3410	0.2
3411	3411	0.323077
3412	3412	0.8
3413	3413	0.8
3414	3414	0.7
3415	3415	0.07
3416	3416	0.233333
3417	3417	0.233333
3418	3418	0.7
3419	3419	0.7
3420	3420	0.15
3421	3421	0.15
3422	3422	0.3
3423	3423	0.266667
3424	3424	0.07
3425	3425	0.7
3426	3426	0.175
3427	3427	0.35
3428	3428	0.3
3429	3429	0.6
3430	3430	0.8
3431	3431	0.8
3432	3432	0.266667
3433	3433	0.7
3434	3434	0.376923
3435	3435	0.7
3436	3436	0.233333
3437	3437	0.35
3438	3438	0.6
3439	3439	0.6
3440	3440	0.3
3441	3441	0.3
3442	3442	0.2
3443	3443	0.8
3444	3444	0.7
3445	3445	0.7
3446	3446	0.7
3447	3447	0.35
3448	3448	0.35
3449	3449	0.228571
3450	3450	0.15
3451	3451	0.6
3452	3452	0.6
3453	3453	0.6
3454	3454	0.8
3455	3455	0.8
3456	3456	0.8
3457	3457	0.35
3458	3458	0.1
3459	3459	0.6
3460	3460	0.8
3461	3461	0.8
3462	3462	0.8
3463	3463	0.16
3464	3464	0.233333
3465	3465	0.233333
3466	3466	0.7
3467	3467	0.6
3468	3468	0.6
3469	3469	0.2
3470	3470	0.8
3471	3471	0.8
3472	3472	0.8
3473	3473	0.4
3474	3474	0.3
3475	3475	0.3
3476	3476	0.6
3477	3477	0.6
3478	3478	0.4
3479	3479	0.8
3480	3480	0.266667
3481	3481	0.16
3482	3482	0.2
3483	3483	0.233333
3484	3484	0.3
3485	3485	0.3
3486	3486	0.6
3487	3487	0.6
3488	3488	0.8
3489	3489	0.266667
3490	3490	0.16
3491	3491	0.266667
3492	3492	0.175
3493	3493	0.175
3494	3494	0.175
3495	3495	0.35
3496	3496	0.6
3497	3497	0.6
3498	3498	0.6
3499	3499	0.6
3500	3500	0.323077
3501	3501	0.8
3502	3502	0.4
3503	3503	0.2
3504	3504	0.266667
3505	3505	0.16
3506	3506	0.4
3507	3507	0.4
3508	3508	0.3
3509	3509	0.171429
3510	3510	0.3
3511	3511	0.6
3512	3512	0.6
3513	3513	0.8
3514	3514	0.8
3515	3515	0.8
3516	3516	0.8
3517	3517	0.8
3518	3518	0.457143
3519	3519	0.4
3520	3520	0.266667
3521	3521	0.2
3522	3522	0.16
3523	3523	0.175
3524	3524	0.3
3525	3525	0.6
3526	3526	0.6
3527	3527	0.6
3528	3528	0.6
3529	3529	0.8
3530	3530	0.266667
3531	3531	0.290909
3532	3532	0.290909
3533	3533	0.457143
3534	3534	0.376923
3535	3535	0.3
3536	3536	0.3
3537	3537	0.218182
3538	3538	0.8
3539	3539	0.8
3540	3540	0.15
3541	3541	0.342857
3542	3542	0.6
3543	3543	0.4
3544	3544	0.4
3545	3545	0.6
3546	3546	0.6
3547	3547	0.4
3548	3548	0.8
3549	3549	0.7
3550	3550	0.3
3551	3551	0.6
3552	3552	0.342857
3553	3553	0.8
3554	3554	0.8
3555	3555	0.4
3556	3556	0.8
3557	3557	0.290909
3558	3558	0.6
3559	3559	0.342857
3560	3560	0.8
3561	3561	0.8
3562	3562	0.3
3563	3563	0.6
3564	3564	0.6
3565	3565	0.8
3566	3566	0.8
3567	3567	0.4
3568	3568	0.6
3569	3569	0.8
3570	3570	0.8
3571	3571	0.4
3572	3572	0.4
3573	3573	0.266667
3574	3574	0.8
3575	3575	0.4
3576	3576	0.8
3577	3577	0.3
3578	3578	0.3
3579	3579	0.2
3580	3580	0.266667
3581	3581	0.4
3582	3582	0.8
3583	3583	0.6
3584	3584	0.8
3585	3585	0.8
3586	3586	0.6
3587	3587	0.6
3588	3588	0.35
3589	3589	0.457143
3590	3590	0.6
3591	3591	0.4
3592	3592	0.8
3593	3593	0.4
3594	3594	0.8
3595	3595	0.8
3596	3596	0.7
3597	3597	0.4
3598	3598	0.8
3599	3599	0.7
3600	3600	0.3
3601	3601	0.8
3602	3602	0.3
3603	3603	0.8
3604	3604	0.8
3605	3605	0.8
3606	3606	0.4
3607	3607	0.8
3608	3608	0.8
3609	3609	0.8
3610	3610	0.8
3611	3611	0.2
3612	3612	0.6
3613	3613	0.8
3614	3614	0.8
3615	3615	0.3
3616	3616	0.8
3617	3617	0.2
3618	3618	0.4
3619	3619	0.4
3620	3620	0.15
3621	3621	0.3
3622	3622	0.6
3623	3623	0.8
3624	3624	0.8
3625	3625	0.8
3626	3626	0.266667
3627	3627	0.8
3628	3628	0.3
3629	3629	0.6
3630	3630	0.8
3631	3631	0.4
3632	3632	0.6
3633	3633	0.8
3634	3634	0.4
3635	3635	0.8
3636	3636	0.8
3637	3637	0.8
3638	3638	0.4
3639	3639	0.8
3640	3640	0.8
3641	3641	0.4
3642	3642	0.8
3643	3643	0.4
3644	3644	0.8
3645	3645	0.8
3646	3646	0.8
3647	3647	0.6
3648	3648	0.8
3649	3649	0.4
3650	3650	0.8
3651	3651	0.8
3652	3652	0.8
3653	3653	0.8
3654	3654	0.7
3655	3655	0.8
3656	3656	0.4
3657	3657	0.3
3658	3658	0.6
3659	3659	0.4
3660	3660	0.8
3661	3661	0.8
3662	3662	0.8
3663	3663	0.8
3664	3664	0.8
3665	3665	0.4
3666	3666	0.3
3667	3667	0.8
3668	3668	0.4
3669	3669	0.3
3670	3670	0.6
3671	3671	0.8
3672	3672	0.8
3673	3673	0.3
3674	3674	0.3
3675	3675	0.3
3676	3676	0.3
3677	3677	0.8
3678	3678	0.8
3679	3679	0.4
3680	3680	0.4
3681	3681	0.8
3682	3682	0.4
3683	3683	0.15
3684	3684	0.8
3685	3685	0.4
3686	3686	0.8
3687	3687	0.8
3688	3688	0.8
3689	3689	0.8
3690	3690	0.4
3691	3691	0.373333
3692	3692	0.8
3693	3693	0.4
3694	3694	0.266667
3695	3695	0.3
3696	3696	0.4
3697	3697	0.4
3698	3698	0.266667
3699	3699	0.4
3700	3700	0.2
3701	3701	0.266667
3702	3702	0.4
3703	3703	0.8
3704	3704	0.15
3705	3705	0.6
3706	3706	0.6
3707	3707	0.8
3708	3708	0.4
3709	3709	0.4
3710	3710	0.16
3711	3711	0.16
3712	3712	0.4
3713	3713	0.2
3714	3714	0.2
3715	3715	0.4
3716	3716	0.16
3717	3717	0.3
3718	3718	0.8
3719	3719	0.8
3720	3720	0.2
3721	3721	0.16
3722	3722	0.266667
3723	3723	0.266667
3724	3724	0.4
3725	3725	0.8
3726	3726	0.8
3727	3727	0.7
3728	3728	0.3
3729	3729	0.8
3730	3730	0.4
3731	3731	0.8
3732	3732	0.8
3733	3733	0.266667
3734	3734	0.4
3735	3735	0.8
3736	3736	0.6
3737	3737	0.8
3738	3738	0.4
3739	3739	0.8
3740	3740	0.8
3741	3741	0.4
3742	3742	0.4
3743	3743	0.8
3744	3744	0.3
3745	3745	0.8
3746	3746	0.8
3747	3747	0.7
3748	3748	0.3
3749	3749	0.35
3750	3750	0.266667
3751	3751	0.8
3752	3752	0.8
3753	3753	0.8
3754	3754	0.35
3755	3755	0.6
3756	3756	0.8
3757	3757	0.8
3758	3758	0.2
3759	3759	0.8
3760	3760	0.3
3761	3761	0.6
3762	3762	0.8
3763	3763	0.2
3764	3764	0.4
3765	3765	0.35
3766	3766	0.3
3767	3767	0.8
3768	3768	0.7
3769	3769	0.6
3770	3770	0.4
3771	3771	0.8
3772	3772	0.7
3773	3773	0.35
3774	3774	0.35
3775	3775	0.7
3776	3776	0.7
3777	3777	0.7
3778	3778	0.266667
3779	3779	0.2
3780	3780	0.7
3781	3781	0.3
3782	3782	0.3
3783	3783	0.6
3784	3784	0.8
3785	3785	0.4
3786	3786	0.7
3787	3787	0.7
3788	3788	0.8
3789	3789	0.4
3790	3790	0.457143
3791	3791	0.266667
3792	3792	0.8
3793	3793	0.4
3794	3794	0.4
3795	3795	0.3
3796	3796	0.8
3797	3797	0.8
3798	3798	0.8
3799	3799	0.8
3800	3800	0.4
3801	3801	0.8
3802	3802	0.4
3803	3803	0.4
3804	3804	0.35
3805	3805	0.8
3806	3806	0.4
3807	3807	0.4
3808	3808	0.7
3809	3809	0.3
3810	3810	0.8
3811	3811	0.15
3812	3812	0.3
3813	3813	0.8
3814	3814	0.7
3815	3815	0.6
3816	3816	0.3
3817	3817	0.2
3818	3818	0.8
3819	3819	0.266667
3820	3820	0.3
3821	3821	0.8
3822	3822	0.8
3823	3823	0.426667
3824	3824	0.373333
3825	3825	0.7
3826	3826	0.8
3827	3827	0.6
3828	3828	0.8
3829	3829	0.457143
3830	3830	0.8
3831	3831	0.7
3832	3832	0.426667
3833	3833	0.373333
3834	3834	0.3
3835	3835	0.8
3836	3836	0.8
3837	3837	0.8
3838	3838	0.8
3839	3839	0.8
3840	3840	0.8
3841	3841	0.3
3842	3842	0.3
3843	3843	0.342857
3844	3844	0.8
3845	3845	0.4
3846	3846	0.4
3847	3847	0.4
3848	3848	0.2
3849	3849	0.4
3850	3850	0.8
3851	3851	0.4
3852	3852	0.7
3853	3853	0.35
3854	3854	0.3
3855	3855	0.4
3856	3856	0.8
3857	3857	0.4
3858	3858	0.8
3859	3859	0.22069
3860	3860	0.8
3861	3861	0.218182
3862	3862	0.6
3863	3863	0.4
3864	3864	0.8
3865	3865	0.266667
3866	3866	0.8
3867	3867	0.8
3868	3868	0.4
3869	3869	0.7
3870	3870	0.8
3871	3871	0.8
3872	3872	0.7
3873	3873	0.3
3874	3874	0.3
3875	3875	0.3
3876	3876	0.8
3877	3877	0.8
3878	3878	0.7
3879	3879	0.8
3880	3880	0.8
3881	3881	0.8
3882	3882	0.8
3883	3883	0.8
3884	3884	0.4
3885	3885	0.8
3886	3886	0.8
3887	3887	0.8
3888	3888	0.8
3889	3889	0.8
3890	3890	0.8
3891	3891	0.266667
3892	3892	0.4
3893	3893	0.8
3894	3894	0.4
3895	3895	0.8
3896	3896	0.8
3897	3897	0.3
3898	3898	0.3
3899	3899	0.4
3900	3900	0.8
3901	3901	0.8
3902	3902	0.8
3903	3903	0.8
3904	3904	0.7
3905	3905	0.3
3906	3906	0.8
3907	3907	0.4
3908	3908	0.8
3909	3909	0.8
3910	3910	0.8
3911	3911	0.4
3912	3912	0.8
3913	3913	0.7
3914	3914	0.7
3915	3915	0.7
3916	3916	0.7
3917	3917	0.6
3918	3918	0.8
3919	3919	0.8
3920	3920	0.8
3921	3921	0.8
3922	3922	0.8
3923	3923	0.8
3924	3924	0.7
3925	3925	0.4
3926	3926	0.4
3927	3927	0.8
3928	3928	0.4
3929	3929	0.8
3930	3930	0.8
3931	3931	0.8
3932	3932	0.8
3933	3933	0.7
3934	3934	0.7
3935	3935	0.7
3936	3936	0.4
3937	3937	0.8
3938	3938	0.457143
3939	3939	0.35
3940	3940	0.6
3941	3941	0.8
3942	3942	0.8
3943	3943	0.8
3944	3944	0.8
3945	3945	0.8
3946	3946	0.8
3947	3947	0.266667
3948	3948	0.266667
3949	3949	0.4
3950	3950	0.8
3951	3951	0.8
3952	3952	0.8
3953	3953	0.457143
3954	3954	0.4
3955	3955	0.457143
3956	3956	0.7
3957	3957	0.8
3958	3958	0.8
3959	3959	0.8
3960	3960	0.4
3961	3961	0.8
3962	3962	0.8
3963	3963	0.8
3964	3964	0.8
3965	3965	0.266667
3966	3966	0.8
3967	3967	0.4
3968	3968	0.8
3969	3969	0.8
3970	3970	0.4
3971	3971	0.8
3972	3972	0.8
3973	3973	0.8
3974	3974	0.8
3975	3975	0.8
3976	3976	0.8
3977	3977	0.8
3978	3978	0.8
3979	3979	0.8
3980	3980	0.4
3981	3981	0.4
3982	3982	0.8
3983	3983	0.8
3984	3984	0.8
3985	3985	0.3
3986	3986	0.2
3987	3987	0.8
3988	3988	0.8
3989	3989	0.8
3990	3990	0.8
3991	3991	0.4
3992	3992	0.8
3993	3993	0.8
3994	3994	0.8
3995	3995	0.4
3996	3996	0.8
3997	3997	0.8
3998	3998	0.8
3999	3999	0.8
4000	4000	0.8
4001	4001	0.4
4002	4002	0.4
4003	4003	0.4
4004	4004	0.8
4005	4005	0.8
4006	4006	0.8
4007	4007	0.8
4008	4008	0.4
4009	4009	0.4
4010	4010	0.4
4011	4011	0.8
4012	4012	0.4
4013	4013	0.4
4014	4014	0.4
4015	4015	0.8
4016	4016	0.8
4017	4017	0.8
4018	4018	0.8
4019	4019	0.8
4020	4020	0.8
4021	4021	0.4
4022	4022	0.4
4023	4023	0.4
4024	4024	0.4
4025	4025	0.4
4026	4026	0.8
4027	4027	0.8
4028	4028	0.4
4029	4029	0.4
4030	4030	0.266667
4031	4031	0.266667
4032	4032	0.266667
4033	4033	0.266667
4034	4034	0.266667
4035	4035	0.4
4036	4036	0.4
4037	4037	0.4
4038	4038	0.4
4039	4039	0.8
4040	4040	0.4
4041	4041	0.4
4042	4042	0.8
4043	4043	0.4
4044	4044	0.8
4045	4045	0.4
4046	4046	0.8
4047	4047	0.8
4048	4048	0.4
4049	4049	0.4
4050	4050	0.8
4051	4051	0.8
4052	4052	0.8
4053	4053	0.4
4054	4054	0.4
4055	4055	0.8
4056	4056	0.7
4057	4057	0.6
4058	4058	0.6
4059	4059	0.8
4060	4060	0.4
4061	4061	0.4
4062	4062	0.8
4063	4063	0.8
4064	4064	0.8
4065	4065	0.8
4066	4066	0.266667
4067	4067	0.4
4068	4068	0.8
4069	4069	0.4
4070	4070	0.8
4071	4071	0.8
4072	4072	0.8
4073	4073	0.4
4074	4074	0.8
4075	4075	0.8
4076	4076	0.8
4077	4077	0.8
4078	4078	0.8
4079	4079	0.8
4080	4080	0.8
4081	4081	0.8
4082	4082	0.7
4083	4083	0.35
4084	4084	0.7
4085	4085	0.7
4086	4086	0.6
4087	4087	0.8
4088	4088	0.8
4089	4089	0.8
4090	4090	0.8
4091	4091	0.7
4092	4092	0.3
4093	4093	0.8
4094	4094	0.8
4095	4095	0.8
4096	4096	0.8
4097	4097	0.8
4098	4098	0.8
4099	4099	0.8
4100	4100	0.8
4101	4101	0.8
4102	4102	0.8
4103	4103	0.8
4104	4104	0.8
4105	4105	0.8
4106	4106	0.8
4107	4107	0.8
4108	4108	0.4
4109	4109	0.8
4110	4110	0.4
4111	4111	0.4
4112	4112	0.8
4113	4113	0.8
4114	4114	0.8
4115	4115	0.8
4116	4116	0.7
4117	4117	0.373333
4118	4118	0.6
4119	4119	0.6
4120	4120	0.6
4121	4121	0.6
4122	4122	0.6
4123	4123	0.6
4124	4124	0.6
4125	4125	0.6
4126	4126	0.6
4127	4127	0.6
4128	4128	0.6
4129	4129	0.6
4130	4130	0.6
4131	4131	0.6
4132	4132	0.3
4133	4133	0.342857
4134	4134	0.6
4135	4135	0.6
4136	4136	0.457143
4137	4137	0.8
4138	4138	0.8
4139	4139	0.8
4140	4140	0.8
4141	4141	0.266667
4142	4142	0.4
4143	4143	0.8
4144	4144	0.8
4145	4145	0.8
4146	4146	0.457143
4147	4147	0.4
4148	4148	0.7
4149	4149	0.342857
4150	4150	0.8
4151	4151	0.8
4152	4152	0.8
4153	4153	0.8
4154	4154	0.8
4155	4155	0.8
4156	4156	0.8
4157	4157	0.8
4158	4158	0.8
4159	4159	0.8
4160	4160	0.4
4161	4161	0.8
4162	4162	0.8
4163	4163	0.7
4164	4164	0.7
4165	4165	0.7
4166	4166	0.7
4167	4167	0.7
4168	4168	0.7
4169	4169	0.7
4170	4170	0.7
4171	4171	0.7
4172	4172	0.7
4173	4173	0.5
4174	4174	0.3
4175	4175	0.3
4176	4176	0.3
4177	4177	0.3
4178	4178	0.3
4179	4179	0.3
4180	4180	0.3
4181	4181	0.218182
4182	4182	0.6
4183	4183	0.8
4184	4184	0.8
4185	4185	0.8
4186	4186	0.8
4187	4187	0.266667
4188	4188	0.4
4189	4189	0.8
4190	4190	0.8
4191	4191	0.8
4192	4192	0.8
4193	4193	0.8
4194	4194	0.4
4195	4195	0.8
4196	4196	0.4
4197	4197	0.4
4198	4198	0.8
4199	4199	0.8
4200	4200	0.8
4201	4201	0.8
4202	4202	0.8
4203	4203	0.4
4204	4204	0.8
4205	4205	0.8
4206	4206	0.8
4207	4207	0.8
4208	4208	0.4
4209	4209	0.8
4210	4210	0.8
4211	4211	0.8
4212	4212	0.8
4213	4213	0.8
4214	4214	0.8
4215	4215	0.8
4216	4216	0.8
4217	4217	0.8
4218	4218	0.8
4219	4219	0.8
4220	4220	0.8
4221	4221	0.4
4222	4222	0.4
4223	4223	0.8
4224	4224	0.4
4225	4225	0.8
4226	4226	0.8
4227	4227	0.8
4228	4228	0.266667
4229	4229	0.8
4230	4230	0.8
4231	4231	0.8
