0	2320
0	4065
0	5834
0	10990
0	19353
1	451
1	4832
1	6667
1	10466
1	11588
1	13002
1	14526
1	16098
1	19593
2	6055
2	14134
3	5425
3	5561
3	6211
3	11417
4	4238
4	4892
4	5617
4	5703
4	7095
4	11820
4	16041
5	11721
5	13521
5	16949
5	18128
6	938
6	5981
6	9737
6	9807
6	16639
6	17643
7	8447
7	8891
7	13608
7	15448
8	3380
8	12356
8	13504
8	18886
9	5346
9	5943
9	9944
10	62
10	9063
10	10181
10	10588
10	13684
10	17290
11	1347
11	3048
11	5045
11	7326
11	7697
11	9819
11	9832
11	16852
11	19056
12	38
12	4190
12	4583
12	9230
12	13288
12	16278
13	8632
13	10184
13	12461
13	18593
13	19002
13	19630
14	537
14	7291
14	8328
14	12196
15	5694
15	7887
15	12840
15	17347
16	2907
16	6127
16	7812
16	10335
16	16232
17	2640
17	3514
17	12841
17	18307
18	1674
18	5419
18	8303
18	14855
19	4523
19	10232
19	11503
19	18474
19	19385
19	19438
20	2704
20	9446
20	9845
20	12223
20	17909
21	13000
21	13327
22	5556
22	6447
22	7307
22	15966
23	1987
23	3446
23	6031
23	7504
23	13507
23	17793
23	18950
24	2303
24	2347
24	3333
24	18973
24	19380
25	988
25	9477
25	18961
26	2431
26	3889
26	4424
26	5088
26	11733
26	12174
27	3013
27	6223
27	7474
27	9238
28	4496
28	5433
28	7341
28	7431
28	10717
28	10902
28	11930
29	9442
29	13699
29	18582
30	3076
30	5899
30	6233
30	6964
30	11142
30	11489
30	18743
31	896
31	6061
31	9006
31	11247
32	5003
32	6412
32	11496
32	12024
33	5036
33	19984
34	10076
34	11329
34	15723
35	3261
35	3447
35	4018
35	14611
36	1269
36	2103
36	8442
36	16366
36	19753
37	8814
37	16193
37	17234
38	2742
38	9074
38	11772
38	13228
38	14770
38	17383
38	19651
39	8025
39	12926
39	15753
39	15882
39	19806
40	4494
40	9674
40	17295
41	1658
41	2869
41	4742
41	5954
41	14290
42	9175
42	9492
42	9885
42	10127
42	10759
42	11066
42	18846
42	19911
43	601
43	3706
43	4629
43	13924
43	17685
44	2929
44	9512
44	17985
44	18280
44	19178
45	5477
45	5987
45	14349
45	19072
46	3253
46	5749
46	10069
46	16862
46	17240
47	3170
47	3500
47	16733
47	18300
48	4566
48	8553
48	15862
49	1367
49	4226
49	8968
49	10608
49	13836
49	16807
49	19169
50	7386
50	11775
50	14564
50	16562
51	1692
51	6837
51	15068
52	5335
52	7591
52	7809
52	12616
52	19402
53	2730
53	5852
53	6328
53	6579
53	12821
54	9218
54	10099
54	14609
54	15405
54	19729
55	3471
55	5122
55	5699
55	17077
55	18747
55	19519
56	741
56	3493
56	8660
56	13166
56	14657
56	18671
57	567
57	2058
57	18108
58	387
58	1316
58	2817
58	5286
58	7044
58	12992
58	18045
59	4268
59	4943
59	15666
59	19781
60	209
60	6885
60	8325
60	8638
60	12638
60	19665
61	3236
61	5435
61	8567
62	2748
62	3956
62	9341
62	14761
62	16046
62	17021
63	913
63	3308
63	7010
63	10329
63	19030
64	2344
64	10248
64	10978
64	11739
64	11939
64	13463
64	16134
64	16506
64	17014
65	1048
65	5849
65	9771
65	13308
66	7866
66	13703
66	18233
66	19874
67	2024
67	8701
67	8835
67	9831
67	11986
67	13247
67	14619
67	15564
67	17412
68	8079
68	15237
68	15838
68	16018
68	18361
69	1943
69	17574
70	346
70	7335
70	7418
70	13215
70	13773
70	15157
71	1455
71	8492
71	11905
71	13923
71	16519
71	19189
72	3894
72	9149
72	10562
72	12544
72	18546
72	18601
73	3961
73	11776
73	17510
73	19905
74	3301
74	14996
74	18957
74	19112
75	7456
75	8337
75	15501
75	16716
75	18574
76	2749
76	5330
76	10202
76	15829
76	16641
76	17975
76	18136
77	1352
77	4815
78	1932
78	5509
78	11784
78	14105
78	18316
79	9419
79	10512
79	14303
79	18997
80	986
80	1029
80	3444
80	5314
80	11647
80	15569
81	5606
81	12320
81	14395
82	432
82	1529
82	5586
82	5600
82	15686
82	16138
82	17549
82	19679
83	1283
83	4894
83	8098
83	9073
83	11743
83	18001
83	18406
83	19215
84	1610
84	2308
84	4659
84	12844
85	3238
85	3280
85	7942
85	9034
85	10814
85	18453
85	19307
86	780
86	8695
86	9644
86	13359
86	13599
87	1891
87	9767
87	17653
87	18784
88	9293
88	13119
88	15000
88	16553
88	19796
89	6578
89	6889
89	8297
89	13397
89	14388
89	16906
89	19873
90	16596
90	19242
90	19694
91	3967
91	10290
92	3960
92	7142
92	10293
92	10790
92	13097
92	14991
92	18230
93	5299
93	5439
93	9996
93	10542
93	14821
93	16728
94	7916
94	11870
94	13510
94	14724
95	4947
95	8064
95	8775
95	12723
95	13638
95	15646
95	17113
95	19157
96	2375
96	13196
96	17036
97	6499
97	9673
97	10055
98	2361
98	14119
98	16112
98	18575
98	19434
99	3882
99	4871
99	7617
99	8983
99	10791
99	16325
100	1443
100	7135
100	9418
100	9632
100	14887
100	16963
100	17794
100	19395
101	788
101	5822
101	7364
101	7786
101	8333
101	12262
102	1537
102	3512
102	11760
102	17148
103	4161
103	10602
103	18420
104	9809
104	11951
104	13167
104	15985
104	16095
104	17099
104	17270
104	19599
105	8758
105	10044
105	13972
106	11213
106	15745
106	16208
106	19366
107	4530
107	10974
107	13789
108	5302
108	6341
108	7707
109	3989
109	4488
109	5108
109	7126
109	13283
109	14316
110	1007
110	3309
110	10604
110	11505
110	12051
110	12761
110	15550
110	16566
111	9958
111	18866
112	1735
112	3210
112	4273
112	8996
112	9498
112	14593
113	2534
113	5254
113	6332
113	11566
113	13846
113	16399
114	16957
114	17838
115	1176
115	3663
115	4998
115	6867
115	8991
115	10071
115	13161
115	15641
116	1969
116	4661
116	5707
116	8694
116	10105
116	15581
116	17856
117	367
117	880
117	7740
117	14055
117	17319
118	1057
118	12833
118	15751
119	9848
119	16782
119	17223
119	18391
120	512
120	1148
120	2182
120	10826
120	15412
120	19749
121	3974
121	9607
121	16497
122	1495
122	7308
122	14479
122	18578
122	19479
123	1146
123	9949
123	19559
124	7033
124	8443
124	12379
125	42
125	3791
125	5885
125	7562
125	15063
125	15188
126	2251
126	9239
126	13390
126	14302
127	12691
127	14913
127	17552
128	5853
128	10482
128	10995
128	14884
129	4390
129	5407
129	5463
129	12745
130	347
130	7995
130	8824
130	10027
130	10698
130	12879
130	13298
130	16454
131	5960
131	8049
131	8728
131	10379
131	12344
131	12458
131	14738
132	9994
132	10724
132	16380
132	17687
132	17942
132	19573
133	12789
133	16903
134	1208
134	1660
134	10692
134	11628
135	4258
135	5907
135	6177
135	9250
135	19293
136	5224
136	8514
136	10767
136	14737
136	15408
136	15673
137	7354
137	15664
137	18205
137	19419
138	2372
138	2665
138	3292
138	8883
138	11102
138	15708
139	2425
139	4384
139	10912
139	13231
139	13529
139	14954
139	16217
139	16985
140	4683
140	7611
140	11916
140	17910
141	12318
141	12678
142	1434
142	2813
142	4177
142	6028
142	10439
142	12703
142	12706
142	13899
143	7645
143	16757
144	7626
144	11032
144	16050
144	17377
144	18359
144	19810
145	523
145	2786
145	10716
145	13229
146	1867
146	19389
147	8040
147	8437
147	8926
147	10687
147	18654
148	2912
148	11545
148	15785
148	19134
148	19668
149	1578
149	7032
149	9549
149	11398
149	15043
149	18432
150	3578
150	5396
150	9079
150	11029
150	11856
150	14205
150	14616
150	15854
150	18990
151	2384
151	6564
151	11075
151	13555
151	15021
151	15064
151	15273
152	5979
152	17048
153	3270
153	6599
153	11549
153	16804
153	18175
153	19973
154	8271
154	16276
154	17858
155	2445
155	5677
155	7381
155	13406
156	4283
156	9237
156	9918
157	1299
157	2452
157	3323
157	7183
157	13535
157	16921
157	17451
157	19131
158	3825
158	5123
158	7804
158	11995
158	18615
158	19164
159	404
159	1627
159	3399
159	3643
159	4674
159	10449
159	12649
159	13651
159	15192
159	19703
160	13415
160	14379
160	17615
160	19050
161	1761
161	10756
161	12156
161	17523
162	804
162	5696
162	14271
162	18243
163	886
163	4684
163	8369
163	11098
163	15604
163	18711
164	849
164	3770
164	7699
164	8281
164	9033
164	16028
164	17639
165	13355
165	18405
165	18867
166	807
166	2340
166	3588
166	4571
166	14815
166	16141
166	18349
167	5277
167	7787
167	13029
167	14070
168	2915
168	6427
168	7238
169	2097
169	2146
169	2216
169	3084
169	3251
169	19857
170	723
170	9191
170	13796
170	17604
171	7240
171	10968
171	11334
171	12160
171	17139
171	18385
172	976
172	4963
172	6047
172	8648
172	14635
173	2282
173	2499
173	3123
173	5466
173	6067
173	7420
173	13004
173	18265
174	383
174	3718
174	7444
174	8475
174	11592
174	16912
174	19765
175	2310
175	3517
175	8525
175	19343
176	2210
176	2366
176	5481
176	6324
176	12730
176	18326
177	12739
177	13706
177	15760
177	16024
177	19458
178	6150
178	13810
178	15913
178	17949
179	10749
179	15943
179	16780
179	17886
180	4147
180	14595
181	6090
181	6388
181	10769
181	11490
181	16297
182	9541
182	13396
182	15946
183	3106
183	9685
183	19000
184	466
184	2219
184	5598
184	8374
184	11683
184	19228
185	8487
185	9747
185	10045
185	15810
185	16239
186	914
186	2716
186	6226
186	12778
186	15597
187	4777
187	15103
188	9697
188	10274
188	10534
188	13665
188	13756
188	14019
188	17407
189	3437
189	4802
189	4997
189	10031
189	14351
189	18622
189	19373
190	6490
190	10779
190	14265
190	19956
191	6417
191	12752
192	10375
192	13130
192	14683
193	6993
193	7088
193	9782
193	11817
193	14345
193	15998
194	1182
194	3426
194	4222
194	4804
194	9348
194	17092
194	18193
195	2725
195	7688
195	9695
196	1547
196	2436
196	12529
196	15716
197	6505
197	12635
197	19482
198	141
198	6741
198	9884
198	19416
198	19693
199	4412
199	7788
199	14745
200	4686
200	5251
201	5867
201	8910
201	12737
201	17103
202	2023
202	4407
202	6972
203	6319
203	8077
203	13413
204	1900
204	8203
204	10207
204	13951
204	19239
205	275
205	4789
205	4856
205	6651
205	14281
205	15668
205	19329
206	4112
206	4342
206	7518
206	8603
206	13129
206	17246
207	9928
207	11526
207	13193
207	15134
207	16113
208	8592
208	14647
208	16675
208	18340
209	4841
209	10166
209	15729
209	17374
210	12466
210	13261
210	14988
211	6039
211	8499
211	17940
211	18270
212	1381
212	1970
212	7822
212	8320
212	11278
212	14559
212	15833
213	153
213	1079
213	14750
213	17474
214	11097
214	17626
214	18616
214	19569
215	4117
215	5185
215	10353
215	11967
215	16089
216	3060
216	4345
216	9705
216	10057
216	11483
217	707
217	1968
218	2542
218	5078
218	12388
218	14817
218	16273
218	16875
219	1751
219	4937
220	5705
220	8851
220	14116
220	16679
220	19711
221	3359
221	3668
221	3958
221	7834
222	8294
222	8376
222	9677
222	13206
222	14217
222	18411
223	7860
223	9020
223	12817
224	2455
224	9598
224	17431
225	35
225	8213
225	9980
225	12144
226	5815
226	15119
226	18719
226	18923
227	1531
227	2681
227	5624
227	8646
227	12639
227	17017
227	17762
228	820
228	6525
228	9566
228	10643
228	12860
229	412
229	2414
229	2891
229	2928
229	3211
229	7332
229	9126
229	9770
229	19311
230	775
230	1604
230	1982
230	3910
230	6310
230	10413
230	12968
230	18709
231	4437
231	5539
231	6855
231	12918
232	6851
232	13539
232	13664
232	14026
232	18854
232	19633
233	2343
233	12355
233	15602
233	16382
234	206
234	8342
234	11411
234	18112
235	6170
235	10823
235	12713
235	14152
235	16270
235	18675
236	1151
236	12763
236	14960
236	18565
236	19364
236	19554
236	19853
237	390
237	2896
237	7250
237	16690
237	18595
238	783
238	894
238	2102
238	8943
238	14540
238	19717
239	2169
239	7886
239	11353
239	15204
239	16879
239	17150
239	19044
240	1121
240	2811
240	5393
240	9661
240	9881
241	5797
241	7017
241	14891
241	16631
241	18620
241	19429
242	1664
242	17983
243	873
243	3212
243	11442
243	13696
243	18559
243	18729
244	3534
244	4070
245	9246
245	15605
245	16952
246	661
246	4180
246	17441
247	1196
247	1516
247	1819
247	7237
247	10811
247	10892
247	17701
247	18491
248	5686
248	7060
248	13975
248	18101
249	2861
249	3363
249	6452
250	5685
250	9205
250	9977
251	742
251	5544
251	7985
251	15622
252	4003
252	8363
252	11891
252	14117
253	848
253	1154
253	2779
253	3542
253	11237
253	15014
254	5840
254	13113
254	13508
254	15466
255	1413
255	17524
255	19955
256	323
256	4654
256	9305
256	9640
256	11470
256	15949
256	17875
257	5276
257	7803
257	10317
258	948
258	2477
258	5087
258	7352
258	9588
258	10529
259	6468
259	10722
259	17560
259	18570
260	1598
260	8090
260	11852
260	14980
260	15772
260	16595
260	17951
261	941
261	7629
261	14870
261	19555
262	4824
262	9406
262	10499
262	17738
263	1885
263	8149
263	9171
263	15916
263	17830
264	1876
264	2049
264	12267
264	14209
264	14598
265	1403
265	13997
265	18678
266	4855
266	5587
266	6899
266	7232
266	7559
266	15480
266	16529
266	16627
267	6995
267	9511
267	18480
268	6058
268	7472
268	9687
269	224
269	8086
269	11717
270	4199
270	9506
270	19339
271	1305
271	3036
271	3774
271	4297
271	6450
271	11582
271	13391
272	1508
272	18579
273	3917
273	9637
273	17339
274	11696
274	12015
274	15369
274	16000
275	4320
275	5456
275	7172
276	13548
276	13920
277	1556
277	9968
278	1748
278	3484
278	11321
279	1474
279	5441
279	9111
279	9716
279	13320
279	17483
280	979
280	1704
280	7535
280	7974
280	8150
280	10949
280	14173
280	15642
280	16344
281	7893
281	9698
281	10772
281	11991
281	14998
282	6634
282	7403
282	13654
282	16861
283	5498
283	9047
283	11043
283	12411
284	1150
284	4067
284	10396
284	14283
284	15570
284	16552
285	1672
285	3438
285	3749
285	12773
286	139
286	450
286	5193
286	6300
286	7290
286	12232
286	12660
286	15153
286	17800
286	18291
287	1825
287	7640
287	13682
287	19455
288	4939
288	8126
288	12351
288	15123
289	6998
289	8037
289	8955
289	11120
289	13133
289	17344
290	1480
290	2956
290	5762
290	9412
290	9524
290	10632
290	19742
291	8805
291	12846
291	18500
291	18994
292	359
292	7303
292	17369
293	6483
293	7716
293	10781
294	1923
294	2481
294	4879
294	7907
294	11371
294	11876
294	14677
294	16991
295	286
295	2937
295	4640
295	16204
296	2608
296	2686
296	3019
296	7789
296	14508
296	18585
297	2858
297	4343
297	6144
297	9931
297	18226
298	449
298	4411
298	5065
298	5719
298	5911
298	12008
298	17083
298	19719
299	705
299	3362
299	6928
299	8432
299	15475
299	15696
300	456
300	5593
300	7619
300	11275
301	902
301	4136
301	18941
302	3912
302	4069
302	8672
302	11730
302	12255
303	9876
303	11877
303	12882
303	19975
304	1946
304	6340
304	15074
304	18157
304	18465
305	325
305	1485
305	6477
305	17934
305	17972
305	18657
306	6071
306	9833
307	4755
307	9613
308	8023
308	17541
308	18967
309	2479
309	7223
309	8439
309	9234
309	9333
309	18695
310	1278
310	1431
310	14688
311	267
311	10304
312	8279
312	11586
312	15515
312	17826
313	185
313	868
313	11345
313	13865
314	624
314	2960
314	4630
314	14346
315	874
315	1060
315	2039
315	3219
315	11495
316	1290
316	1700
316	4927
316	14703
316	19735
317	1737
317	5179
317	6497
317	16578
317	19237
318	3160
318	5569
318	8642
318	9168
318	12960
318	18667
318	19870
319	9577
319	9593
319	12162
319	13424
319	17960
320	2263
320	10319
320	10487
320	13604
320	13812
320	15045
321	1221
321	3020
321	5682
321	12118
322	5884
322	6276
322	6546
322	10245
322	11439
322	12762
322	15928
323	3423
323	5566
323	6361
323	7325
323	12738
323	14813
323	15554
323	19406
324	10170
324	11622
324	15546
324	17410
325	5173
325	5479
325	7641
325	9325
325	12624
325	17752
326	656
326	7124
326	8041
326	10344
326	13162
326	14169
326	16057
326	18652
326	19041
327	1430
327	4111
327	7941
327	18251
328	1916
328	4506
328	8336
328	15452
328	16044
328	17540
328	18404
328	18876
329	3766
329	5965
329	8109
330	118
330	860
330	4059
330	5526
330	12183
330	12427
330	16773
331	7423
331	7569
331	12563
331	18189
332	9461
332	13052
332	15657
332	17946
333	13349
333	15624
333	16352
333	16896
333	17569
334	2144
334	5662
334	6373
334	7256
334	7708
334	8831
334	12983
335	3023
335	10777
335	11465
335	16117
335	18858
335	19423
336	6789
336	7795
336	17204
337	5209
337	8724
337	11366
338	5376
338	5915
338	9726
338	18904
339	505
339	13368
339	18470
340	1233
340	5118
340	8731
340	15522
340	16701
340	18069
340	18672
341	5274
341	9769
341	10755
341	16227
342	3682
342	4982
342	6931
342	7476
342	8301
342	12167
342	14835
343	4520
343	4712
343	10754
343	16577
343	18370
344	7524
344	15956
345	539
345	4589
345	16265
346	2705
346	3734
346	18024
346	19322
347	3259
347	8620
347	9002
347	9296
347	11785
347	12213
348	5819
348	7959
348	11207
349	363
349	4954
349	15493
350	9789
350	19351
350	19463
351	4351
351	4717
351	5775
351	12769
351	14888
351	17408
352	1035
352	4215
352	13498
352	18127
352	18627
353	1462
353	11914
353	17716
354	2203
354	5914
354	7266
354	16840
354	18815
355	2805
355	5993
355	8692
355	11626
356	3657
356	4993
356	6695
356	16155
357	12435
357	12767
358	4663
358	13051
358	15534
359	4685
359	14415
359	15566
360	2313
360	4284
360	7370
360	8147
360	11516
360	13080
361	4543
361	8430
361	12798
361	14164
362	4978
362	6414
362	8016
362	13444
362	18188
363	394
363	5977
363	9040
363	11940
364	4498
364	15317
364	15659
365	3006
365	12085
365	12536
365	13325
365	15196
366	452
366	2065
366	4242
367	722
367	4468
367	4480
367	7225
367	10789
367	11606
367	14002
367	18084
368	4072
368	5124
368	9057
368	12834
368	17804
369	1639
369	6808
369	9256
369	17537
369	19776
370	7041
370	11094
370	12071
370	14577
370	16767
371	2234
371	4549
371	12669
371	13195
371	14391
371	14483
372	1350
372	3465
372	4198
372	11179
372	12042
373	10462
373	16986
373	18109
374	3166
374	7847
374	17759
375	884
375	7419
375	8843
375	13142
375	13818
375	16771
376	847
376	2153
376	15122
377	931
377	8371
377	10635
377	14449
377	15494
378	6492
378	9189
378	9830
378	11551
378	14705
378	17974
378	19595
379	7339
379	14886
379	15735
379	17736
380	2172
380	2506
380	3796
380	4292
380	4301
380	14585
380	15701
381	2502
381	3356
381	12281
382	1134
382	3904
382	7491
382	9208
382	16258
382	18429
382	18889
383	5171
383	11399
383	13977
383	16014
383	17203
384	2727
384	2920
384	3275
384	4413
384	4858
384	19626
385	5259
385	9197
386	6364
386	9263
386	10678
386	18501
387	3787
387	7087
387	7273
387	18419
387	18758
387	19946
388	5747
388	6769
388	8249
389	8164
389	10297
389	18203
390	2048
390	5020
390	5403
390	8647
390	10082
390	18249
391	2184
391	5017
391	9724
391	11153
391	14022
391	14141
391	15015
391	15113
391	17976
392	26
392	4175
392	8396
392	8826
392	9028
392	18638
392	19328
393	10017
393	17749
393	17835
394	13037
394	18607
395	1559
395	16878
395	17388
395	17845
395	19058
396	5138
396	11929
397	1271
397	4541
397	8283
397	11177
397	13019
398	1422
398	3022
398	6076
398	8234
398	11252
398	17924
398	19918
399	379
399	1028
399	6541
399	9998
399	13263
399	15788
399	18077
400	7063
400	7817
400	10101
400	10586
400	11443
401	4678
401	9330
401	10942
401	14438
401	17296
401	19572
402	606
402	2490
402	3442
402	10250
402	13370
402	15353
403	3813
403	6176
403	12313
403	14111
403	15360
403	16880
403	17236
403	17458
404	791
404	9335
404	10508
405	372
405	5091
405	9783
405	12327
405	15206
406	6425
406	15321
406	18824
407	2150
407	6451
407	8188
407	11621
408	806
408	1788
408	5964
408	10668
409	1512
409	3248
409	3622
409	6622
409	14326
409	16431
409	17118
410	9090
410	12677
410	17130
411	663
411	6555
411	16704
411	16765
412	9502
412	11282
412	12168
412	12371
412	13134
412	15228
412	17691
412	19701
413	7309
413	11030
413	12284
413	13067
413	13317
413	14170
414	4014
414	5204
414	15979
414	16890
415	982
415	7731
415	10350
415	14900
415	17178
416	15013
416	19917
417	970
417	7294
417	14244
417	15763
417	17990
418	3696
418	4764
418	8742
418	15207
418	17266
419	2385
419	6147
419	8219
419	8556
419	19949
420	166
420	2807
420	6735
420	9464
420	16653
420	18224
420	18971
421	6807
421	13525
421	16209
421	17857
422	1119
422	6261
422	9173
422	16099
422	19255
423	6990
423	12068
424	2337
424	2603
424	3279
424	5031
424	6034
424	6897
425	10929
425	12316
425	12516
425	16215
426	2551
426	15722
426	19475
427	5870
427	7898
427	15401
427	18928
428	10691
428	17967
429	231
429	1042
429	3811
429	7492
429	8152
429	16252
430	4010
430	6164
430	15631
431	9766
431	11051
431	14579
431	16453
432	3672
432	10332
432	13894
432	17957
433	7843
433	8890
433	13379
433	17906
434	1168
434	4462
434	6335
434	10502
434	13527
434	19106
435	121
435	446
436	717
436	8572
436	10622
436	18150
437	1477
437	4676
437	7679
437	10264
437	11378
437	15341
438	1225
438	3017
438	7385
438	15071
438	18523
439	823
439	7417
439	8723
439	12605
439	15456
440	384
440	786
440	1404
440	1902
440	9211
440	15016
441	474
441	1136
441	13273
441	16121
441	17253
441	19775
442	3406
442	4586
442	9860
442	12480
442	15129
443	6876
443	8423
443	12545
443	16838
443	16869
443	18492
444	889
444	2119
444	6615
444	7652
444	13592
445	1211
445	3012
445	3841
445	17249
445	19323
446	5352
446	6239
446	6514
446	9021
446	9626
446	9973
446	14475
447	10783
447	13628
447	15042
447	15429
447	17325
448	1162
448	4469
449	5266
449	6985
450	453
450	2129
450	9692
450	11272
450	18305
451	11010
451	11550
451	12020
451	17185
451	18840
451	19818
452	3193
452	4403
452	9399
452	12237
452	13297
452	19471
452	19883
453	4917
453	5879
453	8095
453	10153
454	458
454	6134
454	9023
454	9518
454	12575
454	12721
454	13971
454	16091
455	604
455	17894
456	2946
456	7901
456	12131
456	18600
457	4827
457	10977
457	18750
458	5829
458	6809
458	10700
458	12522
458	16619
459	1074
459	1236
459	14058
459	16585
459	17269
460	8133
460	9510
460	17303
461	3750
461	10845
462	3627
462	5079
462	5268
462	9756
462	16013
463	7685
463	8697
463	16463
463	16909
463	19728
464	6249
464	6350
464	6430
464	14838
465	703
465	1231
465	4435
466	414
466	4609
466	7930
466	10587
467	2676
467	4214
467	10398
467	12011
468	4588
468	4778
468	11719
468	18132
469	13339
469	14325
469	18885
469	19831
470	6167
470	11140
471	6795
471	9547
471	11655
472	6393
472	7690
472	8537
472	11855
472	15439
472	15634
473	5182
473	6717
473	11095
473	12279
473	16731
474	1646
474	1712
474	7134
475	5233
475	10051
475	17527
475	18485
475	19755
476	2476
476	5971
476	8384
476	12688
477	102
477	128
477	8822
477	12822
477	13158
478	13934
478	16247
478	18943
479	1366
479	11209
479	13458
479	19843
480	5043
480	18929
481	179
481	402
481	1703
481	7148
481	8390
481	11042
481	13470
481	17621
481	18791
482	282
482	8533
482	10513
482	12768
482	18703
483	2167
483	12446
483	14441
483	14521
483	17173
484	2334
484	6355
484	8058
484	14691
485	1205
485	15055
485	17902
486	864
486	11968
486	17950
487	1648
487	1989
487	3548
487	8605
488	241
488	1769
488	2643
488	9730
488	14133
488	14186
488	15305
489	3318
489	5643
489	9707
490	6626
490	10818
490	11741
490	14894
491	2849
491	4158
491	6401
491	6871
491	15436
491	17579
492	6669
492	7620
492	12125
492	18564
493	6652
493	12715
493	15903
493	19714
494	5057
494	10363
494	12766
494	15127
495	940
495	2284
495	9796
495	10903
496	10292
496	10658
497	501
497	2494
497	8621
497	11753
497	16243
497	16407
497	19321
498	6271
498	10135
498	10927
499	829
499	1411
499	3245
499	15050
499	19672