0	1864
0	1958
0	3081
0	3233
0	3818
0	6748
0	8729
0	8987
0	11022
0	11118
0	14219
0	14662
0	15705
0	16742
0	17285
0	19079
1	101
1	1330
1	2198
1	5982
1	7987
1	8058
1	10647
1	12534
1	13667
1	16207
1	18497
1	19240
1	19450
2	464
2	1940
2	3244
2	3246
2	3580
2	3947
2	5562
2	6824
2	8276
2	10969
2	11271
2	14624
2	14894
2	15221
2	17653
3	1696
3	2181
3	5758
3	6061
3	7299
3	9507
3	9514
3	9641
3	13962
3	17688
3	19337
4	328
4	335
4	1365
4	3036
4	4359
4	4464
4	4516
4	5848
4	6511
4	6680
4	8093
4	9234
4	16175
4	16501
4	17068
4	17527
4	18406
5	156
5	1457
5	1800
5	2182
5	2721
5	4265
5	5337
5	5642
5	6688
5	6796
5	7325
5	7878
5	8819
5	11959
5	13803
5	17979
5	18316
5	19260
6	313
6	2362
6	5345
6	5369
6	7156
6	8881
6	10066
6	11205
6	11491
6	14687
6	16406
6	17858
6	17879
6	19578
7	309
7	747
7	3172
7	3422
7	3428
7	3634
7	3785
7	5023
7	5332
7	5968
7	6352
7	10430
7	10605
7	13172
7	14685
7	16856
7	18397
7	19022
8	1628
8	2375
8	3142
8	5163
8	9078
8	10884
8	11464
8	11530
8	14225
8	14841
8	14975
8	17968
8	18527
8	19256
9	1168
9	1781
9	3468
9	11260
9	11561
9	12967
9	13333
9	13735
9	15947
9	16049
9	16201
9	17314
9	17895
9	18229
9	19000
9	19505
10	870
10	1223
10	1226
10	2261
10	4453
10	5535
10	6675
10	6990
10	7395
10	8699
10	9453
10	9629
10	11945
10	14838
10	15791
10	15815
10	18092
10	19969
11	738
11	2918
11	4961
11	5296
11	7264
11	10059
11	10090
11	10556
11	11418
11	12617
11	16183
11	17998
11	18605
11	18931
11	18954
12	2079
12	2833
12	4097
12	5052
12	5432
12	7615
12	12326
12	12469
12	14238
12	14575
12	15263
12	15872
12	18889
13	4681
13	5284
13	5366
13	7768
13	10644
13	12185
13	15096
13	15509
13	16143
13	16672
13	19820
14	361
14	4369
14	4622
14	6051
14	8768
14	9721
14	10187
14	10816
14	12069
14	12112
14	15391
14	15615
14	16306
14	18247
15	4226
15	4532
15	4708
15	7685
15	8265
15	8721
15	8899
15	9160
15	9917
15	11151
15	13880
15	14491
15	17430
15	17705
16	840
16	2384
16	4697
16	5805
16	11218
16	13117
16	13187
16	14442
16	14657
16	15159
16	15987
16	17445
16	18133
17	270
17	3124
17	6273
17	6801
17	7896
17	8036
17	9005
17	10283
17	10700
17	12682
17	14605
17	18005
17	18412
17	19046
18	213
18	2978
18	3007
18	4939
18	8053
18	8434
18	9006
18	9734
18	12424
18	15019
18	15426
18	17519
18	18860
18	18958
18	19164
19	287
19	1909
19	4423
19	5108
19	5157
19	6091
19	12333
19	14070
19	14583
19	16533
19	17793
19	18750
20	399
20	775
20	5559
20	8772
20	10308
20	10625
20	11221
20	13777
20	14864
20	15420
20	16344
20	16863
20	18423
20	18761
21	1200
21	6979
21	7131
21	7161
21	7380
21	7674
21	9908
21	10153
21	10745
21	11596
21	11714
21	12108
21	13001
21	13297
21	16607
21	16948
21	18843
21	19715
22	851
22	1230
22	3528
22	3592
22	4138
22	6715
22	7646
22	11170
22	14163
22	14913
22	16331
22	16591
22	17175
22	17225
22	18824
22	19898
23	4
23	359
23	2082
23	2144
23	3227
23	8046
23	9414
23	10002
23	16042
23	16274
23	17425
23	18163
23	19901
24	662
24	1702
24	2739
24	2999
24	5587
24	7141
24	7926
24	8188
24	11009
24	11519
24	11981
24	16850
25	2391
25	4430
25	5715
25	5828
25	6810
25	7795
25	13046
25	13622
25	14569
25	14656
25	15645
25	17208
25	17211
25	18943
26	2213
26	4286
26	4738
26	5491
26	6078
26	7691
26	9355
26	9830
26	10046
26	10796
26	11206
26	11214
26	11665
26	13884
26	17727
26	18233
27	215
27	308
27	4354
27	8852
27	8880
27	8887
27	8915
27	11359
27	12210
27	12879
27	17482
27	17962
28	1632
28	3703
28	3873
28	6361
28	7595
28	7798
28	8475
28	8593
28	10488
28	12313
28	17349
28	17725
28	19012
28	19619
29	1296
29	1334
29	2785
29	3805
29	4064
29	5484
29	5840
29	6235
29	7043
29	12895
29	12968
29	13999
29	16815
29	17575
29	18511
29	18712
30	987
30	1283
30	4815
30	6342
30	7873
30	9015
30	11285
30	12274
30	12618
30	13712
30	15065
30	15382
30	16324
30	17302
30	19390
31	1231
31	1329
31	1743
31	1912
31	5288
31	5397
31	6938
31	9119
31	10235
31	12414
31	13498
31	17035
31	19666
32	243
32	1810
32	2297
32	2379
32	4231
32	4865
32	7243
32	8541
32	9771
32	10320
32	10370
32	10691
32	15073
32	15764
33	2132
33	3656
33	4096
33	4216
33	4677
33	7662
33	8071
33	11404
33	12192
33	12711
33	13486
33	16415
33	17170
33	17750
33	18991
33	19919
34	646
34	716
34	2471
34	3850
34	3974
34	4687
34	9491
34	10974
34	11148
34	12541
34	15179
34	15345
34	15484
34	18568
34	18725
34	19521
34	19795
35	525
35	3874
35	6140
35	6797
35	7574
35	9346
35	10988
35	12685
35	13076
35	15369
35	15536
35	16314
35	16657
35	17835
36	874
36	1625
36	4942
36	6920
36	9333
36	10030
36	10163
36	13704
36	15832
36	16698
36	16814
36	17101
36	17513
37	128
37	260
37	2000
37	2813
37	6276
37	8390
37	11567
37	13406
37	13572
37	15354
37	15515
37	16356
37	17134
37	17480
37	17641
37	18199
38	44
38	1967
38	3796
38	4135
38	5798
38	8584
38	8669
38	8870
38	9989
38	11317
38	14718
38	16238
38	16611
38	18459
38	19214
39	2
39	883
39	966
39	1831
39	2451
39	4696
39	5151
39	7428
39	9186
39	12013
39	12225
39	12252
39	13866
39	15959
39	16646
39	16784
40	1378
40	1450
40	5116
40	5211
40	7072
40	8138
40	8817
40	9515
40	11006
40	12064
40	13566
40	15238
40	16367
40	18575
41	3438
41	5859
41	5877
41	6857
41	11290
41	12040
41	12365
41	13265
41	14325
41	17268
41	17429
41	18810
42	342
42	608
42	964
42	2001
42	2421
42	4100
42	8796
42	12558
42	12623
42	13899
42	16032
42	16495
42	16507
42	17407
42	18234
42	19028
43	86
43	1015
43	1125
43	4415
43	4454
43	4732
43	4836
43	7986
43	7994
43	8693
43	10821
43	17158
44	395
44	889
44	1460
44	4605
44	5175
44	5689
44	6973
44	7215
44	7666
44	8845
44	9034
44	13430
44	16614
44	18142
44	19474
45	1921
45	3339
45	4311
45	5128
45	5286
45	9656
45	9801
45	11610
45	14312
45	14467
45	14702
45	15850
45	16528
45	16604
45	16816
45	18767
45	19165
46	375
46	2475
46	6353
46	7689
46	7867
46	8022
46	10259
46	10388
46	11335
46	11400
46	12397
46	13198
46	15877
46	16669
46	19254
46	19303
46	19958
47	186
47	635
47	857
47	3188
47	6385
47	7440
47	8017
47	10191
47	10293
47	12358
47	14251
47	17317
47	17548
48	657
48	1629
48	3774
48	5610
48	6039
48	8712
48	11909
48	12177
48	12695
48	13050
48	14752
48	15366
48	16192
48	17419
48	18580
49	3858
49	5300
49	6496
49	6795
49	6905
49	8403
49	14278
49	15020
49	15495
49	16392
49	18032
49	18791
49	19133
50	407
50	1387
50	2624
50	3200
50	6782
50	7263
50	8376
50	11467
50	13307
50	17034
50	18232
50	19640
51	683
51	1142
51	1160
51	1409
51	2074
51	2962
51	6033
51	8537
51	9821
51	10134
51	11411
51	12902
51	14554
51	14884
51	18606
51	19856
52	2014
52	2062
52	2258
52	3290
52	3499
52	8444
52	9459
52	10778
52	12238
52	14721
52	15404
52	15703
52	16131
52	18383
53	58
53	259
53	3281
53	5145
53	5319
53	9792
53	10767
53	11115
53	15218
53	15757
53	16188
53	17699
53	17824
53	18942
54	2260
54	2805
54	8003
54	8327
54	11572
54	11838
54	12133
54	13062
54	17260
54	18529
54	18741
54	18853
54	19410
54	19870
55	400
55	2510
55	3039
55	3057
55	8102
55	9085
55	9342
55	12980
55	13044
55	13311
55	14954
55	15837
55	16199
55	18241
56	5047
56	5391
56	5894
56	6858
56	7466
56	8290
56	8301
56	10483
56	11103
56	13809
56	14587
56	15696
56	17483
56	18495
56	18974
56	19884
57	60
57	422
57	1165
57	2850
57	5210
57	6367
57	7450
57	8192
57	13295
57	13484
57	14402
57	16880
57	18480
57	18625
57	19934
58	197
58	543
58	1569
58	6252
58	7177
58	11161
58	11995
58	13336
58	16794
58	19447
59	55
59	503
59	757
59	1179
59	1518
59	2279
59	4288
59	5687
59	5938
59	7404
59	12066
59	14886
59	15140
59	16211
59	19414
60	2976
60	4428
60	4482
60	5429
60	5928
60	6720
60	8741
60	10990
60	12553
60	14081
60	18354
61	2799
61	3845
61	6304
61	6553
61	11107
61	13231
61	14181
61	14903
61	15958
61	16726
61	17215
61	17436
61	19221
61	19626
61	19937
62	1741
62	1854
62	2757
62	3776
62	4674
62	6930
62	7397
62	7747
62	10164
62	12173
62	13364
62	13881
62	14005
62	14017
62	15608
62	15759
62	18147
62	19826
63	616
63	8258
63	8563
63	10484
63	11534
63	11809
63	14097
63	16045
63	16120
63	16997
63	19344
63	19551
64	640
64	4987
64	8387
64	9182
64	9936
64	10723
64	12542
64	13388
64	14978
64	15055
64	16686
64	16790
64	18506
65	2668
65	3896
65	4531
65	5218
65	5684
65	7007
65	8310
65	9829
65	13411
65	16673
65	17752
65	18244
65	19162
66	94
66	645
66	2148
66	3815
66	5710
66	7120
66	8549
66	9804
66	11087
66	14490
66	14610
66	18787
66	19200
66	19541
67	312
67	478
67	2570
67	6477
67	7071
67	9330
67	11825
67	12344
67	13051
67	15924
67	15977
67	18246
67	19515
68	3206
68	3350
68	3697
68	3992
68	5306
68	7179
68	9597
68	13837
68	14218
68	14401
68	16541
68	17204
68	17760
68	19719
68	19936
69	326
69	678
69	1143
69	2627
69	2920
69	3695
69	5648
69	8243
69	13083
69	17732
69	19085
69	19363
69	19961
70	865
70	2317
70	2551
70	5353
70	5467
70	6693
70	8162
70	9018
70	11159
70	11599
70	13525
70	14709
70	14962
70	16693
70	18165
70	18548
70	19039
71	994
71	1556
71	1729
71	3879
71	3918
71	4723
71	6423
71	8645
71	10797
71	10963
71	11422
71	11699
71	15193
71	15605
71	18928
72	3983
72	4561
72	6799
72	10486
72	11186
72	11685
72	11994
72	14255
72	15390
72	17564
72	18705
72	18745
73	4610
73	4634
73	4881
73	5473
73	5550
73	8350
73	8726
73	8905
73	9879
73	9958
73	12049
73	12881
73	13772
73	15635
73	17386
74	1612
74	1768
74	2622
74	4897
74	5404
74	5557
74	6283
74	9809
74	10273
74	10641
74	11019
74	11526
74	14734
74	18100
74	19663
75	1526
75	4608
75	5387
75	5494
75	7608
75	9131
75	10265
75	12009
75	13251
75	13461
75	14319
75	17155
75	19711
76	2359
76	3075
76	3532
76	6221
76	7817
76	7838
76	9108
76	9181
76	9844
76	10642
76	11324
76	12316
76	13109
76	14923
76	16005
76	18448
76	18474
76	18603
77	1648
77	1951
77	2868
77	3831
77	5035
77	6089
77	6704
77	8582
77	11356
77	12453
77	18151
78	1451
78	1875
78	4747
78	6431
78	7040
78	9195
78	10681
78	11574
78	11668
78	12367
78	13374
78	13401
78	17444
78	18101
78	18753
78	18999
79	5782
79	9617
79	11548
79	11889
79	11938
79	13474
79	13513
79	13529
79	14093
79	18912
79	18920
79	19586
80	842
80	5965
80	6755
80	9256
80	9575
80	10022
80	10214
80	10408
80	13569
80	13626
80	14272
80	14524
80	14743
80	14986
80	17207
81	51
81	1891
81	2550
81	3118
81	4324
81	4659
81	7578
81	7939
81	10021
81	10787
81	14249
81	14620
81	16985
81	17914
81	19949
82	813
82	1871
82	1907
82	3764
82	11438
82	12242
82	13637
82	15205
82	15386
82	15556
82	16580
82	16717
82	17213
83	257
83	444
83	491
83	1459
83	2084
83	6716
83	7959
83	9978
83	11588
83	11762
83	12101
83	12183
83	13475
83	16301
83	19567
83	19631
83	19907
84	574
84	1073
84	1494
84	3782
84	4503
84	7524
84	8198
84	8976
84	13570
84	14391
84	16965
84	17008
84	17742
85	3654
85	4522
85	7147
85	7460
85	7778
85	9377
85	9458
85	11001
85	11263
85	13043
85	13521
85	13693
85	14521
85	16461
85	17469
85	18003
85	18696
86	1928
86	4438
86	4657
86	5841
86	6118
86	8019
86	8488
86	13369
86	14294
86	14332
86	14770
86	17868
86	17926
86	18121
86	19962
87	3606
87	5147
87	6309
87	8318
87	8857
87	9360
87	10073
87	11649
87	11863
87	13794
87	15144
87	18293
87	18948
87	19739
88	1582
88	4957
88	5029
88	5075
88	6090
88	6169
88	7282
88	7562
88	9947
88	11421
88	13144
88	14801
88	17267
88	17737
88	19942
89	7278
89	7561
89	7624
89	7640
89	8173
89	9224
89	11788
89	16123
89	18273
89	19111
90	714
90	914
90	2748
90	3847
90	7865
90	11559
90	11911
90	15499
90	16842
90	18017
90	18935
90	19549
91	1367
91	2034
91	3091
91	3160
91	4959
91	4991
91	5455
91	10340
91	11601
91	11975
91	13072
91	13990
91	14056
91	14809
91	16325
92	211
92	878
92	1999
92	2066
92	2288
92	4006
92	5711
92	6851
92	9339
92	9590
92	11251
92	14224
92	14933
92	16943
92	18035
93	4855
93	7107
93	7563
93	9431
93	10711
93	11901
93	14675
93	15578
93	16418
93	19097
94	998
94	1960
94	3603
94	4850
94	5526
94	6180
94	7010
94	8213
94	8427
94	9636
94	10352
94	10744
94	12443
94	16054
94	16113
95	673
95	1358
95	1475
95	2610
95	2846
95	4181
95	11642
95	12169
95	15125
95	15162
95	16408
95	17532
95	17658
95	18022
95	19681
96	1882
96	3610
96	5015
96	5817
96	7653
96	8661
96	9977
96	11963
96	13068
96	13381
96	14331
96	15960
96	17191
96	18758
96	19178
97	205
97	685
97	705
97	3109
97	3364
97	4302
97	4443
97	4962
97	11677
97	13372
97	14427
97	14830
97	16007
97	16632
97	17777
97	18872
98	2577
98	2678
98	2685
98	3189
98	3461
98	5971
98	9136
98	11641
98	12058
98	12919
98	13176
98	15833
98	16645
99	745
99	1779
99	4603
99	5406
99	6382
99	6881
99	7567
99	10752
99	12251
99	12550
99	15365
99	16110
99	16544
99	18992
99	19857
100	778
100	1924
100	2698
100	4229
100	5265
100	5524
100	6296
100	7911
100	11203
100	11529
100	12588
100	12951
100	14351
100	15242
100	15547
100	16128
100	19611
101	772
101	5056
101	5233
101	5527
101	6636
101	6786
101	9236
101	9353
101	10312
101	10923
101	11096
101	11306
101	12758
101	13816
101	16703
101	18275
102	660
102	1040
102	2837
102	4476
102	5920
102	6267
102	6492
102	6540
102	6869
102	7148
102	8362
102	12149
102	15303
103	527
103	861
103	1016
103	2099
103	3583
103	3954
103	4069
103	4579
103	7688
103	8169
103	9351
103	10516
103	10604
103	15995
103	16382
104	3777
104	3793
104	6746
104	8262
104	10378
104	10573
104	10590
104	10961
104	11936
104	16864
104	17124
104	17410
104	18047
104	19065
104	19544
105	67
105	2100
105	5090
105	7814
105	7905
105	8309
105	9619
105	11155
105	12132
105	15380
105	16829
105	18730
106	122
106	1855
106	4256
106	4651
106	4803
106	6216
106	8170
106	12475
106	12812
106	17486
106	18052
106	18160
106	18831
106	19655
107	1515
107	4569
107	8536
107	9095
107	9452
107	9572
107	10097
107	10131
107	10553
107	10807
107	11688
107	14166
107	16435
107	16839
107	18832
108	190
108	1290
108	2792
108	4478
108	4978
108	5974
108	6600
108	7669
108	8970
108	9350
108	11469
108	11568
108	17024
108	17335
108	18323
108	19161
109	142
109	266
109	383
109	1661
109	3138
109	5447
109	6300
109	6502
109	7786
109	9524
109	10111
109	11515
109	15784
109	16976
109	17177
110	1680
110	2115
110	4448
110	5717
110	7317
110	7371
110	7948
110	8860
110	10444
110	11311
110	14110
110	14597
110	14914
110	15889
110	16795
110	16886
110	17906
110	18049
110	18724
111	365
111	500
111	2197
111	2540
111	2735
111	3940
111	4114
111	6707
111	10721
111	10788
111	12267
111	12887
111	16785
111	18746
111	18799
112	4396
112	5095
112	5335
112	7226
112	9318
112	9896
112	10382
112	10909
112	10928
112	11828
112	12578
112	13186
112	18879
112	19471
113	1667
113	2515
113	3387
113	5268
113	5477
113	8743
113	9837
113	10890
113	11406
113	12094
113	13300
113	14031
113	14958
113	15178
113	18125
113	19297
113	19483
114	2145
114	2502
114	2600
114	3698
114	4321
114	5777
114	5820
114	6922
114	7223
114	14853
114	15180
114	16644
114	16665
114	17358
114	17512
114	18476
114	18513
114	19853
115	5379
115	7696
115	8056
115	12220
115	13751
115	13969
115	15098
115	15668
115	16582
115	17368
115	18545
115	19904
116	1191
116	2141
116	4393
116	7447
116	7730
116	7883
116	9616
116	10732
116	10764
116	10999
116	13371
116	16323
116	17245
116	18765
117	3
117	1662
117	2230
117	5633
117	5636
117	9287
117	9609
117	9691
117	15822
117	17560
117	19568
117	19585
117	19906
118	221
118	3148
118	5346
118	6876
118	7292
118	10304
118	11165
118	11242
118	15844
118	19209
118	19686
119	2363
119	2656
119	3674
119	6292
119	6685
119	8674
119	8935
119	10069
119	10589
119	12400
119	12706
119	13322
119	15008
119	15651
119	16529
119	17009
119	18297
120	2623
120	4852
120	5126
120	7173
120	7322
120	7630
120	8801
120	10451
120	10854
120	12564
120	15976
120	16610
120	17910
120	19788
120	19816
121	3625
121	4136
121	11280
121	12506
121	15575
121	15966
121	16761
121	17072
121	17443
121	18191
121	19443
121	19531
121	19785
122	492
122	924
122	2112
122	7442
122	7965
122	8932
122	9122
122	9145
122	9950
122	13130
122	14645
122	18803
123	97
123	2752
123	3737
123	6386
123	6758
123	7718
123	8278
123	9321
123	10713
123	12320
123	13335
123	13661
123	16304
123	18249
123	18947
123	19596
124	256
124	557
124	2933
124	6095
124	7225
124	8004
124	8470
124	9309
124	9975
124	10042
124	10087
124	17859
124	19378
124	19394
125	679
125	949
125	1175
125	1750
125	2106
125	4153
125	4306
125	4752
125	10337
125	10663
125	13611
125	14246
125	17038
125	17214
125	18327
126	65
126	246
126	1013
126	7586
126	7655
126	7892
126	8763
126	9954
126	11383
126	13716
126	16133
126	16280
126	16900
126	17288
126	17869
126	18162
126	18962
127	2719
127	2879
127	4925
127	10582
127	12633
127	13085
127	13519
127	14639
127	16275
127	17043
127	17156
127	17343
127	19721
128	81
128	353
128	904
128	2686
128	3748
128	5864
128	9074
128	9225
128	12240
128	12745
128	13063
128	15340
128	17416
129	1097
129	5725
129	5966
129	7367
129	11785
129	12523
129	12742
129	13505
129	14373
129	15482
129	16146
129	17525
129	18002
129	18923
130	1995
130	5766
130	5772
130	6256
130	6259
130	8322
130	10190
130	10505
130	12791
130	14369
130	14446
130	17070
130	17244
130	18417
130	19593
130	19662
131	1046
131	1436
131	4827
131	4880
131	5312
131	5921
131	6887
131	8496
131	10466
131	10471
131	12463
131	12679
131	12707
131	13812
131	15565
132	1544
132	1827
132	3238
132	4293
132	4509
132	6759
132	10296
132	10662
132	11323
132	11425
132	12587
132	18662
132	18675
132	18694
132	18971
132	19025
133	2011
133	2021
133	2806
133	2934
133	3853
133	4798
133	4934
133	5781
133	8464
133	10114
133	10348
133	12306
133	13557
133	16069
133	19482
134	1896
134	2770
134	3496
134	5051
134	5518
134	5589
134	5617
134	6788
134	9919
134	11516
134	12305
134	13034
134	14563
134	15471
134	19582
134	19838
135	1172
135	1431
135	3077
135	3357
135	4630
135	6904
135	11061
135	11121
135	14489
135	15826
135	18025
135	18475
135	19206
135	19437
136	413
136	3348
136	3981
136	4683
136	8219
136	8941
136	8982
136	9198
136	9481
136	11266
136	13134
136	13243
136	13403
136	14845
136	18230
136	19236
137	582
137	3415
137	7452
137	7713
137	9128
137	11553
137	11739
137	12621
137	12983
137	14187
137	15560
137	16233
137	17712
137	18374
138	1616
138	2130
138	3371
138	6625
138	8920
138	10113
138	10287
138	10431
138	10926
138	12789
138	12851
138	15295
138	15490
138	15744
138	15860
138	17025
138	17784
138	17996
138	19684
139	593
139	4527
139	5697
139	6007
139	6627
139	7979
139	9733
139	12255
139	12875
139	15209
139	16896
139	18251
140	751
140	2346
140	3151
140	7864
140	10918
140	11344
140	12195
140	13321
140	13441
140	15328
140	16038
141	1029
141	1303
141	1621
141	1645
141	2691
141	3413
141	4502
141	5311
141	6139
141	9261
141	9296
141	12897
141	16223
141	18415
142	84
142	7961
142	8080
142	11268
142	12672
142	12709
142	13416
142	13923
142	14042
142	16023
142	16137
142	17645
143	754
143	2365
143	3651
143	4207
143	7109
143	9209
143	9795
143	10413
143	10867
143	13440
143	15884
143	18045
143	19283
143	19371
143	19831
144	1247
144	3285
144	5846
144	5926
144	6335
144	7804
144	9107
144	10016
144	10244
144	13482
144	16786
144	18144
144	18206
144	19376
145	2760
145	2822
145	3123
145	3929
145	6397
145	7005
145	9922
145	12028
145	12959
145	15109
145	15461
145	15542
145	16685
145	18800
145	18963
145	19488
146	599
146	1483
146	2595
146	3734
146	3948
146	5912
146	11812
146	12168
146	13021
146	13774
146	15512
146	15778
146	16288
146	19096
147	652
147	710
147	1214
147	1655
147	2694
147	3207
147	5495
147	8307
147	11236
147	11644
147	11753
147	13546
147	14268
147	14892
147	16260
147	18665
148	1252
148	1774
148	3792
148	3950
148	4043
148	4539
148	4972
148	5001
148	6623
148	6818
148	6895
148	8835
148	9570
148	11658
148	14888
148	15044
149	4379
149	5054
149	5264
149	5660
149	7517
149	7856
149	9023
149	9352
149	10441
149	11730
149	16027
149	17946
149	18818
149	18956
150	1581
150	2310
150	3742
150	3802
150	4417
150	4800
150	5215
150	5244
150	6080
150	6130
150	9328
150	16478
150	16587
150	17831
150	17972
151	148
151	1866
151	1963
151	5868
151	6293
151	6775
151	6992
151	9172
151	9668
151	10028
151	14122
151	15709
151	18198
151	19094
152	968
152	3808
152	4309
152	4492
152	4986
152	6360
152	9918
152	13821
152	14068
152	14350
152	17867
152	18298
152	18482
152	19403
153	1243
153	2191
153	4191
153	5105
153	6064
153	8573
153	10836
153	11071
153	13699
153	15460
153	16799
154	752
154	2187
154	2386
154	2702
154	2743
154	3018
154	3198
154	3664
154	4519
154	6214
154	7512
154	7660
154	7695
154	11030
154	13698
155	2262
155	3761
155	5647
155	8822
155	11756
155	11814
155	14306
155	15275
155	16879
155	16882
155	19299
155	19445
156	3294
156	3487
156	3549
156	5492
156	5984
156	7102
156	8766
156	8844
156	9912
156	11327
156	11564
156	19172
157	349
157	2631
157	2877
157	3994
157	6243
157	7153
157	7889
157	8394
157	10045
157	10380
157	10989
157	13162
157	15893
157	18359
158	1260
158	2396
158	8245
158	8633
158	8894
158	9184
158	9517
158	12723
158	15148
158	15811
158	15901
158	16018
158	16450
158	16482
158	18373
158	19595
159	551
159	2225
159	3526
159	4719
159	5154
159	5871
159	9808
159	10564
159	10686
159	10726
159	11076
159	11479
159	13151
159	13634
159	14162
159	14947
159	16687
160	884
160	2287
160	3704
160	4095
160	4233
160	6065
160	7350
160	9871
160	10917
160	12733
160	15135
160	17606
161	3268
161	4116
161	5074
161	5762
161	7192
161	12380
161	12870
161	13555
161	13801
161	15423
161	16181
161	17005
161	19522
162	1382
162	2488
162	4322
162	4847
162	6670
162	6915
162	7069
162	7531
162	8689
162	8853
162	11043
162	11768
162	12080
162	12818
162	13620
162	17377
163	653
163	3117
163	3205
163	4923
163	6576
163	6966
163	7816
163	10731
163	11486
163	11666
163	14817
163	16264
163	17209
163	18102
163	19929
164	1031
164	2174
164	5853
164	7032
164	7041
164	11286
164	12144
164	12986
164	13112
164	13565
164	13766
164	14856
164	15500
164	15532
164	16342
164	17468
164	17957
164	18331
164	19571
165	1318
165	5652
165	6611
165	6855
165	7461
165	10255
165	14121
165	15100
165	15739
165	16351
165	16567
165	16681
165	19138
165	19723
166	548
166	898
166	2996
166	3484
166	4563
166	4584
166	4914
166	6633
166	7089
166	8259
166	8961
166	9084
166	10125
166	13129
166	16625
166	19189
167	2926
167	5077
167	5832
167	8273
167	8287
167	8744
167	9508
167	13289
167	14196
167	15613
167	17104
167	17202
167	17700
167	17958
168	280
168	567
168	1321
168	3024
168	3480
168	4887
168	7280
168	7285
168	9535
168	9774
168	9964
168	13090
168	16692
168	17273
168	19105
168	19745
169	3391
169	3827
169	5625
169	6974
169	7388
169	7706
169	9780
169	10286
169	13170
169	14198
169	14987
169	16309
169	17728
169	18552
170	668
170	965
170	4142
170	4557
170	7860
170	8086
170	8110
170	9503
170	9768
170	10260
170	11187
170	11719
170	12076
170	14704
170	16296
170	17050
170	17801
171	251
171	2717
171	5158
171	7103
171	7744
171	9206
171	9715
171	11174
171	11326
171	11417
171	11442
171	12233
171	12823
171	14435
171	15271
171	15392
171	19533
172	707
172	1034
172	2327
172	3399
172	4091
172	4312
172	4400
172	8341
172	9185
172	10140
172	10906
172	14690
172	15156
172	15539
172	17610
172	17736
173	769
173	2312
173	3132
173	3192
173	3338
173	5890
173	8119
173	11091
173	14347
173	14865
173	15848
173	17602
173	18614
174	3251
174	3433
174	3745
174	5822
174	6197
174	8992
174	9241
174	10343
174	10761
174	11475
174	12057
174	16293
174	18188
175	121
175	1787
175	2763
175	3222
175	4409
175	6359
175	10271
175	10623
175	11499
175	13089
175	13752
175	14146
175	16055
175	16946
176	267
176	2382
176	4544
176	5727
176	6968
176	7038
176	9381
176	10668
176	11168
176	13684
176	14501
176	15067
176	15088
177	1091
177	3082
177	3312
177	3773
177	4018
177	4982
177	5045
177	8543
177	8808
177	13982
177	14090
177	16240
177	19395
177	19431
178	561
178	841
178	2289
178	2768
178	4822
178	5622
178	5672
178	7308
178	7468
178	8221
178	12163
178	12516
178	12894
178	16315
178	17325
178	17769
178	18287
178	19281
179	2126
179	4089
179	5339
179	5496
179	7091
179	8360
179	9050
179	9786
179	10566
179	13414
179	13840
179	18375
180	423
180	834
180	2581
180	3898
180	6119
180	6599
180	7639
180	9725
180	11322
180	11757
180	13823
180	13981
180	14006
180	14202
180	14742
180	15912
180	19912
181	12
181	1350
181	1462
181	1761
181	2343
181	2618
181	6219
181	8485
181	9892
181	11041
181	14066
181	14374
181	15190
181	16366
181	19113
181	19411
182	1279
182	2072
182	5002
182	9263
182	11535
182	11611
182	14423
182	16001
182	16525
182	16969
182	18910
183	708
183	5598
183	5849
183	6336
183	6842
183	7055
183	7288
183	7855
183	8969
183	9899
183	10317
183	10699
183	12726
183	13079
183	14558
183	15268
183	17023
183	18851
183	19413
184	859
184	1336
184	3025
184	3894
184	3969
184	5515
184	7303
184	7494
184	10435
184	12710
184	14155
184	18654
184	19237
185	249
185	6823
185	6914
185	9893
185	10910
185	12360
185	13349
185	15371
185	16802
185	19192
185	19444
186	1048
186	1413
186	2741
186	3445
186	3507
186	4188
186	6185
186	8527
186	9730
186	9758
186	10610
186	11289
186	14635
186	17132
186	17986
186	18150
187	111
187	490
187	1615
187	3245
187	3410
187	3502
187	4506
187	5980
187	6085
187	9269
187	9426
187	11898
187	14248
187	18418
187	18774
188	515
188	1153
188	1814
188	5463
188	5464
188	5959
188	7185
188	7419
188	8484
188	8621
188	13543
188	15351
188	16526
188	18123
188	18253
189	988
189	4285
189	4796
189	6120
189	8603
189	9671
189	10130
189	14085
189	14356
189	15266
189	16336
190	494
190	1163
190	1210
190	1971
190	2078
190	2628
190	3677
190	5505
190	10247
190	10481
190	14115
190	14470
190	17331
190	17669
190	17711
191	110
191	1724
191	3652
191	4244
191	5997
191	6137
191	8194
191	8296
191	11117
191	11239
191	11365
191	12657
191	13257
191	16063
191	17600
191	19375
192	507
192	4398
192	5373
192	9306
192	10650
192	11020
192	11906
192	12127
192	13099
192	13127
192	14617
192	14821
192	15050
192	15142
192	16335
193	569
193	2660
193	2765
193	3360
193	6646
193	8530
193	8553
193	9805
193	11050
193	11985
193	13832
193	16674
193	18127
193	19008
193	19802
194	29
194	153
194	398
194	643
194	1348
194	1728
194	1932
194	6957
194	7212
194	8956
194	13239
194	13483
194	14145
194	14173
194	14720
194	14735
195	475
195	5223
195	5356
195	6909
195	9325
195	9743
195	10240
195	11392
195	12740
195	13540
195	14849
195	17642
195	18262
195	19671
196	1134
196	3103
196	4059
196	4082
196	4589
196	8572
196	9421
196	10857
196	11482
196	11669
196	14205
196	19235
197	927
197	1080
197	2324
197	2444
197	3342
197	4877
197	6255
197	8867
197	9660
197	11807
197	12075
197	12206
197	13346
197	15452
197	16660
197	16712
197	17127
197	17954
197	18447
198	1829
198	3939
198	6211
198	6681
198	7167
198	7510
198	8202
198	11876
198	12303
198	13434
198	14797
198	15788
198	16875
198	18285
198	18494
199	1725
199	4586
199	8368
199	11137
199	11331
199	14292
199	14677
199	15450
199	15814
199	16840
199	17195
199	17362
199	18593
199	18776
199	19296
200	536
200	656
200	954
200	1524
200	2740
200	6369
200	8148
200	8774
200	11291
200	13341
200	15767
200	16473
200	18907
200	19238
200	19408
200	19798
201	167
201	1061
201	2979
201	5739
201	10775
201	11380
201	12157
201	12373
201	14102
201	16904
201	17781
201	19011
202	849
202	3323
202	4806
202	5348
202	5748
202	6504
202	6577
202	8145
202	8974
202	10276
202	14207
203	2271
203	2742
203	2830
203	2943
203	3174
203	5696
203	7707
203	9612
203	11303
203	12060
203	16051
203	18674
204	3377
204	4180
204	5751
204	6697
204	7155
204	8400
204	9798
204	10634
204	11554
204	14220
204	14315
204	14795
204	14905
204	16518
205	598
205	2246
205	4689
205	6783
205	9460
205	9633
205	9672
205	9679
205	10944
205	11877
205	12205
205	13925
205	17745
205	19512
205	19688
206	3265
206	3463
206	3820
206	3869
206	5509
206	6311
206	6764
206	7913
206	8472
206	11230
206	11533
206	12845
206	12913
206	14020
206	16704
206	16881
206	19793
207	3609
207	3917
207	4588
207	4731
207	5482
207	5753
207	7336
207	7946
207	9560
207	10029
207	13081
207	13160
207	13205
207	15796
207	19021
208	4631
208	6589
208	11015
208	11883
208	13227
208	13358
208	15825
208	17629
208	18197
208	18555
208	19204
209	2085
209	2483
209	4341
209	6428
209	12640
209	12773
209	13510
209	14699
209	16379
209	16636
209	16968
209	19625
209	19656
209	19978
210	744
210	1021
210	1371
210	2030
210	10421
210	10679
210	11078
210	11679
210	14279
210	14316
210	14580
210	14939
210	15400
210	19126
211	90
211	210
211	774
211	4540
211	8939
211	12111
211	13332
211	14015
211	15829
211	17084
211	19565
212	3102
212	4486
212	5814
212	8927
212	9055
212	9807
212	10570
212	13045
212	13131
212	14231
212	14989
212	15339
212	16292
212	18136
212	18436
212	18612
212	19223
212	19434
213	993
213	2006
213	4182
213	4666
213	5478
213	7687
213	9762
213	10875
213	12942
213	12945
213	14829
213	15326
213	18866
214	449
214	1399
214	1636
214	4192
214	4313
214	5764
214	6440
214	7242
214	8061
214	12032
214	12620
214	15323
214	19492
215	1458
215	2893
215	2988
215	4924
215	5588
215	6320
215	6749
215	8304
215	8608
215	8756
215	11993
215	12164
215	14077
215	14566
215	14956
215	18534
215	18779
216	264
216	4365
216	4963
216	5724
216	5933
216	9638
216	11500
216	11537
216	12291
216	14907
216	16910
216	18211
216	18278
216	19891
217	2403
217	3083
217	4763
217	5198
217	5511
217	7160
217	9940
217	10684
217	10707
217	10976
217	12089
217	13318
217	14203
217	14626
217	16560
217	16695
217	17556
217	17939
218	587
218	3286
218	3685
218	3984
218	5811
218	7953
218	9102
218	9499
218	12540
218	12765
218	13394
218	14568
218	18393
218	18449
218	18938
218	19692
219	4015
219	6071
219	6441
219	7726
219	11278
219	11856
219	12665
219	18061
219	18490
219	18742
219	19179
219	19834
220	276
220	2129
220	5063
220	5908
220	6248
220	7000
220	8076
220	9398
220	10174
220	11138
220	11673
220	14846
221	2280
221	3573
221	3936
221	4152
221	4590
221	5206
221	10468
221	13826
221	14421
221	16467
221	18321
221	19060
221	19748
222	368
222	556
222	3411
222	3450
222	4330
222	4883
222	6437
222	8320
222	9724
222	10643
222	11560
222	11973
222	12448
222	14380
222	14565
222	15883
222	18638
223	596
223	3597
223	3618
223	3653
223	4397
223	6903
223	6935
223	7121
223	10478
223	14120
223	14560
223	16431
223	16734
223	17640
223	17796
223	19102
223	19768
224	98
224	228
224	1549
224	6166
224	7293
224	7909
224	11100
224	11485
224	12466
224	14463
224	15812
224	16214
224	17919
224	18320
224	18369
225	74
225	1718
225	2529
225	2824
225	4009
225	7074
225	9822
225	11300
225	11905
225	13047
225	13174
225	14607
225	18442
225	18841
226	838
226	2898
226	3712
226	5599
226	6059
226	8230
226	9359
226	9544
226	10183
226	13224
226	13597
226	15264
226	18258
226	18560
227	3240
227	4834
227	6187
227	6859
227	9274
227	9390
227	9938
227	10322
227	13397
227	14547
227	16540
227	17664
227	19399
228	1540
228	1812
228	6491
228	7766
228	8878
228	9161
228	13033
228	15292
228	15915
228	16753
228	17169
228	17864
228	18173
228	19099
228	19424
229	204
229	1675
229	2069
229	2517
229	3572
229	3967
229	4175
229	6663
229	7449
229	7686
229	9194
229	13362
229	14798
229	15041
229	17735
229	19198
230	9
230	5162
230	5174
230	5987
230	8005
230	8895
230	9720
230	10591
230	11018
230	11040
230	11849
230	12286
230	16273
230	17842
230	19607
230	19645
231	667
231	4829
231	4927
231	4975
231	5471
231	5493
231	7432
231	10237
231	10309
231	10739
231	12978
231	14022
231	15951
231	18886
231	19863
232	488
232	2535
232	4734
232	6632
232	7332
232	7530
232	8333
232	10521
232	11212
232	12551
232	13420
232	15786
232	15929
232	16883
233	1053
233	3937
233	7291
233	11497
233	11818
233	12431
233	12472
233	14409
233	15401
233	16161
233	16720
234	4565
234	7451
234	8337
234	11507
234	12253
234	12931
234	13929
234	16429
234	16774
234	17311
235	139
235	1474
235	4523
235	5186
235	5683
235	9298
235	10246
235	11384
235	13700
235	17459
236	420
236	4953
236	6433
236	6945
236	8727
236	8872
236	9189
236	11456
236	13271
236	15127
236	15174
236	15517
236	17286
237	659
237	3093
237	3185
237	3633
237	4837
237	5594
237	5857
237	9907
237	10398
237	10463
237	14918
237	15217
237	15794
237	17305
237	18168
238	911
238	1170
238	2304
238	3460
238	3643
238	3752
238	6792
238	10627
238	11546
238	12995
238	13536
238	14199
238	16003
238	17476
239	425
239	1059
239	6016
239	6533
239	11059
239	13810
239	14823
239	15336
239	17264
239	17442
239	17929
239	18222
239	18701
239	19171
240	1862
240	2176
240	2331
240	4245
240	5935
240	6103
240	6134
240	6210
240	8104
240	9584
240	10109
240	11870
240	15355
240	19120
240	19194
241	1553
241	4204
241	4320
241	7025
241	7546
241	7988
241	8295
241	9079
241	10151
241	10951
241	11262
241	11844
241	13255
241	13750
241	14455
242	2244
242	3671
242	3767
242	5289
242	6846
242	8283
242	8370
242	12131
242	12399
242	16924
242	17322
242	19168
243	238
243	390
243	1554
243	4156
243	6425
243	6574
243	7859
243	7886
243	9299
243	12204
243	12946
243	13818
243	15309
243	16071
243	18707
244	1311
244	4264
244	4910
244	7976
244	8862
244	10792
244	10959
244	16569
244	17039
244	18362
244	19746
245	1835
245	2794
245	3062
245	3814
245	4158
245	5460
245	6324
245	7039
245	10510
245	10535
245	11328
245	13437
245	15469
245	16081
245	16834
245	17623
246	1218
246	1805
246	2035
246	3721
246	5759
246	6717
246	6742
246	10010
246	10121
246	11054
246	12226
246	13288
246	18255
247	1251
247	1626
247	1976
247	2835
247	3821
247	3979
247	6708
247	6751
247	11309
247	11320
247	12216
247	12658
247	14665
247	15734
247	15760
247	16256
247	19542
248	693
248	3069
248	5564
248	6482
248	7311
248	8486
248	8795
248	11667
248	11887
248	11982
248	12970
248	15286
248	16934
248	18086
249	499
249	547
249	580
249	3116
249	4775
249	5584
249	7363
249	8465
249	9301
249	9757
249	11830
249	14997
249	16675
249	17955
249	18018
249	18338
249	19231
250	761
250	4363
250	6579
250	6780
250	7458
250	7475
250	8142
250	9129
250	10503
250	18751
250	19030
250	19242
251	136
251	2907
251	3071
251	6377
251	8238
251	8392
251	9190
251	9727
251	11496
251	12451
251	13556
251	15187
251	16059
252	273
252	721
252	931
252	3249
252	5556
252	5563
252	9000
252	10294
252	10844
252	11125
252	12842
252	15244
252	15692
252	18584
253	1759
253	6695
253	8510
253	10756
253	11451
253	11457
253	12300
253	14314
253	16322
253	16630
253	17766
253	18658
253	18672
254	796
254	847
254	901
254	2662
254	3030
254	3194
254	4145
254	5243
254	5412
254	6644
254	6989
254	7633
254	11604
254	14774
254	15114
254	16025
254	16277
254	17146
255	1917
255	2311
255	2503
255	2518
255	4159
255	5279
255	5839
255	6215
255	6241
255	10351
255	10597
255	14676
255	17063
255	18187
255	18242
255	18597
255	19302
256	1190
256	1539
256	2648
256	4124
256	5600
256	6683
256	8419
256	10665
256	13924
256	14065
256	15155
256	15544
256	16405
256	17142
256	17263
256	18252
256	19682
257	1035
257	3182
257	3908
257	4740
257	5326
257	9754
257	10966
257	13624
257	13690
257	14503
257	14648
257	15428
257	16361
257	18807
257	19665
257	19960
258	3305
258	3787
258	4514
258	5333
258	5503
258	5992
258	6196
258	6375
258	6581
258	11897
258	13315
258	16302
258	17257
258	18107
259	794
259	800
259	6657
259	7617
259	8059
259	10157
259	11200
259	13201
259	14336
259	14744
259	15584
259	17165
259	17965
259	18470
259	19926
260	14
260	1139
260	3727
260	4127
260	8175
260	8868
260	9365
260	10363
260	12046
260	13274
260	14715
260	15416
260	15631
260	18884
260	19266
261	200
261	2758
261	6358
261	7499
261	10658
261	11446
261	11840
261	12369
261	14488
261	15982
261	16383
261	16905
261	18169
262	1119
262	2634
262	3535
262	3707
262	4432
262	4889
262	5149
262	5634
262	8237
262	10173
262	12008
262	13668
262	15290
262	16623
262	16638
263	620
263	905
263	3741
263	6238
263	6479
263	6738
263	9571
263	11075
263	11405
263	12180
263	12340
263	14631
263	14671
263	17098
263	17174
263	17619
264	2047
264	5240
264	5665
264	6772
264	8481
264	9538
264	11792
264	11871
264	12079
264	12312
264	12888
264	13017
264	13356
264	13908
264	14459
264	16028
265	1892
265	1941
265	2147
265	2412
265	3928
265	5732
265	7081
265	8455
265	12594
265	13330
265	13360
265	14360
265	17040
265	18844
265	19373
266	1608
266	3546
266	3961
266	5188
266	6274
266	9624
266	10356
266	11062
266	13594
266	13657
266	14051
266	14308
266	14904
266	15875
266	17520
267	1355
267	1664
267	1984
267	3612
267	6640
267	8534
267	9566
267	10551
267	12256
267	13967
267	14969
267	16538
267	16655
267	17278
267	17456
267	17702
267	19370
268	316
268	1204
268	2651
268	4550
268	7789
268	8205
268	8728
268	9811
268	11470
268	12539
268	16492
268	18186
269	768
269	10452
269	10992
269	11222
269	11325
269	11678
269	16177
269	16254
269	16855
269	17865
269	18347
270	1555
270	2557
270	5539
270	5731
270	7489
270	9051
270	9700
270	11346
270	11693
270	12056
270	12318
270	14805
271	73
271	336
271	1755
271	2826
271	7470
271	7710
271	7853
271	7919
271	8261
271	8554
271	9601
271	10417
271	14303
271	14393
271	17473
271	18267
272	1634
272	2849
272	4468
272	4574
272	6880
272	7501
272	8217
272	8705
272	10367
272	10896
272	11003
272	16347
272	16817
272	19293
272	19627
273	34
273	1872
273	2295
273	2842
273	5377
273	6232
273	10653
273	12389
273	13496
273	16284
273	16523
273	17529
273	19552
274	1898
274	2828
274	3534
274	3889
274	5371
274	5720
274	6519
274	7638
274	10614
274	10793
274	12449
274	13857
274	15407
274	19247
274	19358
275	70
275	172
275	2159
275	3388
275	4055
275	6381
275	6601
275	6923
275	10472
275	11613
275	12874
275	14256
275	14273
275	17396
275	17797
275	17930
276	3687
276	5411
276	5621
276	5709
276	6234
276	6784
276	8325
276	9931
276	11743
276	12583
276	14765
276	15972
276	16117
276	17287
276	18074
277	4026
277	4090
277	5487
277	6497
277	6592
277	9442
277	10086
277	11690
277	12470
277	13165
277	13445
277	14305
277	14843
277	15075
277	15146
277	15204
278	419
278	1681
278	2630
278	3203
278	8467
278	9035
278	10036
278	10575
278	13407
278	13428
278	16677
278	16770
278	17351
279	506
279	672
279	4668
279	6884
279	11225
279	11804
279	12525
279	13613
279	15861
279	16970
279	18155
279	18179
279	18622
279	19061
279	19391
280	699
280	1147
280	1879
280	2378
280	3343
280	4577
280	5086
280	5803
280	6806
280	7498
280	10783
280	11860
281	321
281	623
281	992
281	3765
281	3848
281	4120
281	4150
281	6807
281	7464
281	9039
281	11919
281	14660
281	15052
281	15412
281	17309
281	17582
282	1481
282	4412
282	4946
282	6228
282	8592
282	9135
282	12129
282	13446
282	14611
282	14842
282	17274
282	19315
282	19417
282	19478
283	502
283	2839
283	3876
283	4190
283	4399
283	4616
283	7769
283	7803
283	8653
283	11124
283	12988
283	14197
283	16152
283	16432
283	18461
283	19503
284	1250
284	1406
284	2965
284	3497
284	4077
284	6041
284	6527
284	7990
284	8207
284	11716
284	11872
284	12568
284	14870
284	15280
285	3352
285	5964
285	7028
285	8865
285	9248
285	10394
285	12938
285	14567
285	15037
285	15059
285	15617
285	16391
285	17341
285	18104
286	704
286	1249
286	1476
286	1969
286	3034
286	3681
286	6132
286	6384
286	7967
286	8656
286	10477
286	13118
286	14588
286	15406
286	15910
286	19054
286	19467
287	3058
287	3995
287	8482
287	10908
287	12548
287	13679
287	13841
287	13987
287	15594
287	16022
287	18567
287	19089
287	19116
288	862
288	3551
288	3923
288	6833
288	6997
288	9284
288	11341
288	11631
288	13917
288	15805
288	16228
288	16448
288	16678
288	17860
288	19049
288	19957
289	3107
289	5943
289	6294
289	7465
289	7788
289	8075
289	8107
289	8848
289	9163
289	9709
289	14519
289	19673
290	1222
290	1523
290	3429
290	3756
290	4722
290	5900
290	6947
290	7552
290	10040
290	11224
290	11912
290	12068
290	16509
290	18072
290	19191
290	19801
291	1461
291	3054
291	3491
291	3945
291	7082
291	8625
291	8816
291	9027
291	10302
291	10306
291	10746
291	13285
291	15163
291	15305
291	18798
291	19098
292	237
292	433
292	5783
292	6448
292	8144
292	8505
292	8654
292	8716
292	10599
292	15334
292	16353
292	17806
292	17988
292	18368
293	2290
293	2821
293	2904
293	4556
293	6163
293	6911
293	8504
293	8896
293	11008
293	11074
293	13492
293	14525
293	15356
293	17026
294	59
294	285
294	2947
294	3214
294	3588
294	6077
294	6399
294	7355
294	9788
294	12266
294	14789
294	15154
294	17255
294	19641
295	2750
295	3135
295	4335
295	8150
295	10534
295	11490
295	13234
295	17027
295	17300
295	17510
295	18713
295	19594
296	282
296	1972
296	5806
296	10088
296	10948
296	12669
296	14644
296	15720
296	15755
296	17681
296	17756
297	158
297	470
297	522
297	1468
297	1505
297	4652
297	6318
297	7818
297	10900
297	11398
297	12085
297	15283
297	16376
297	18013
297	19387
298	1115
298	2398
298	3884
298	4724
298	4764
298	5498
298	5690
298	6614
298	7972
298	10683
298	12277
298	13380
298	14719
298	17538
298	18081
298	19481
299	231
299	811
299	1309
299	2167
299	4279
299	5654
299	8884
299	10618
299	14835
299	16642
299	17975
299	18904
299	19347
300	1083
300	2606
300	4583
300	5338
300	7349
300	8077
300	10027
300	13552
300	13871
300	14270
300	14837
300	15040
300	16944
300	17376
300	18219
301	528
301	1366
301	3829
301	4133
301	6206
301	6460
301	8280
301	11510
301	13306
301	13707
301	15064
301	15614
301	15675
301	16537
301	17045
301	17657
301	19473
302	131
302	3088
302	5005
302	7067
302	7360
302	7894
302	9411
302	9613
302	10755
302	11960
302	13363
302	15322
302	15558
302	15719
302	15742
302	16640
302	18573
302	18987
303	1935
303	2715
303	6239
303	7096
303	7711
303	13052
303	13901
303	14619
303	16579
303	16927
303	17638
303	19914
304	77
304	79
304	2422
304	4129
304	4555
304	5329
304	7266
304	7401
304	8328
304	12817
304	13404
304	15021
304	16333
304	16680
304	17111
304	19861
305	1801
305	2355
305	6110
305	7588
305	10047
305	10805
305	11606
305	16203
305	16434
305	16651
305	16725
305	16846
305	17120
306	133
306	462
306	539
306	980
306	2435
306	6628
306	7511
306	10279
306	10358
306	14289
306	15691
306	17066
306	18152
307	409
307	2864
307	3768
307	4993
307	5641
307	5744
307	6170
307	8141
307	8704
307	11307
307	14387
307	14666
307	14776
307	16499
307	17004
307	17733
308	284
308	1818
308	3236
308	3544
308	6874
308	7454
308	8758
308	8790
308	9840
308	10013
308	10400
308	12557
308	14307
308	14955
308	17041
308	17114
308	17719
308	18704
309	3263
309	4558
309	4640
309	6045
309	6207
309	8235
309	8410
309	9142
309	9168
309	9541
309	10321
309	11638
309	12349
309	15652
309	17511
309	18114
309	18254
310	1372
310	1997
310	4472
310	4882
310	4911
310	5129
310	6641
310	7836
310	10784
310	12749
310	15432
310	16421
310	16535
310	17559
310	18382
310	18828
310	19833
311	385
311	1746
311	2564
311	3524
311	3885
311	4444
311	4712
311	8047
311	8074
311	8302
311	8805
311	10232
311	10258
311	11622
311	12802
311	15804
311	16796
311	18390
312	234
312	1050
312	1721
312	1915
312	3295
312	4387
312	6996
312	7180
312	8632
312	9193
312	12113
312	12675
312	15660
312	15754
312	18357
312	18500
312	18541
312	19262
313	244
313	1385
313	3641
313	4678
313	6030
313	6550
313	7575
313	8499
313	10458
313	13431
313	14112
313	14600
313	15463
314	944
314	3466
314	3582
314	4629
314	5469
314	7240
314	11910
314	15466
314	16011
314	16198
314	17764
314	18680
314	19496
315	61
315	1148
315	2494
315	3341
315	5099
315	5419
315	6159
315	8014
315	9187
315	12586
315	15926
315	16865
315	18723
315	19353
315	19811
316	1383
316	2639
316	3078
316	3755
316	4115
316	6014
316	6031
316	8100
316	10561
316	11215
316	12249
316	14966
316	15627
316	15654
316	17912
316	18299
316	19405
316	19990
317	2329
317	2458
317	2542
317	3084
317	3382
317	5638
317	5821
317	7229
317	7319
317	7352
317	8108
317	10091
317	14114
317	14731
317	15598
318	483
318	703
318	753
318	1316
318	1473
318	1572
318	2616
318	4202
318	8904
318	8937
318	9742
318	10056
318	10578
318	13528
318	15225
319	2164
319	3512
319	3754
319	7833
319	9818
319	10737
319	11432
319	14116
319	17932
319	18386
320	1562
320	3043
320	3901
320	4915
320	7236
320	8952
320	9391
320	11736
320	14557
320	15053
320	15331
320	15464
320	15736
320	16471
320	17890
320	18089
320	19554
321	411
321	1121
321	1954
321	2229
321	3436
321	6054
321	9293
321	9439
321	14177
321	14245
321	14366
321	14746
321	17485
321	18109
321	18579
322	1684
322	2189
322	3195
322	5775
322	7813
322	8367
322	9826
322	10285
322	11696
322	13623
322	13930
322	14261
322	14520
323	2080
323	2598
323	4234
323	4316
323	5713
323	6107
323	7276
323	11109
323	13583
323	15011
323	16208
323	16449
323	16788
323	16866
323	17117
323	19386
324	845
324	2723
324	2832
324	4126
324	4901
324	6087
324	7857
324	8778
324	9973
324	10230
324	11493
324	14585
324	14996
324	17810
324	19970
325	4027
325	5234
325	5259
325	5519
325	6186
325	8030
325	9093
325	9447
325	12272
325	12834
325	15012
325	15364
325	16395
325	17794
325	17825
325	18703
325	19228
325	19851
326	219
326	2124
326	2140
326	3269
326	4457
326	5626
326	7642
326	8215
326	8363
326	10137
326	11637
326	12175
326	13674
326	14180
326	14609
326	15626
326	18266
327	1876
327	2905
327	3061
327	4269
327	5172
327	9218
327	9457
327	9648
327	11740
327	12043
327	14791
327	16162
327	16705
327	17110
327	17282
327	17689
328	2442
328	2900
328	3015
328	3354
328	6731
328	7106
328	7811
328	11142
328	11288
328	12309
328	12444
328	12859
328	13819
328	14348
328	16654
328	18771
329	3825
329	6892
329	11099
329	11563
329	12301
329	13067
329	15171
329	15246
329	15576
329	16694
330	789
330	1275
330	4250
330	5852
330	8234
330	10105
330	11157
330	12644
330	13367
330	13542
330	16397
330	19455
330	19462
330	19774
331	6029
331	6719
331	6741
331	9567
331	10619
331	11391
331	13615
331	13796
331	13937
331	14783
331	14796
331	15483
332	150
332	1232
332	2977
332	6236
332	6642
332	6983
332	9400
332	9438
332	10672
332	15189
332	15835
332	17816
332	19598
333	1546
333	1707
333	5907
333	7358
333	8250
333	8381
333	9942
333	9960
333	11708
333	11854
333	11997
333	17993
333	18303
333	18849
333	18944
334	578
334	887
334	1806
334	2521
334	6939
334	7930
334	11466
334	12224
334	13719
334	14047
334	14494
334	17516
334	19325
334	19867
335	454
335	3488
335	3919
335	4744
335	5797
335	7509
335	8474
335	9622
335	10035
335	10261
335	14413
335	15559
335	16319
335	18870
335	19059
335	19263
336	1442
336	1786
336	4481
336	5453
336	5949
336	6987
336	9013
336	9144
336	10001
336	11312
336	12847
336	14290
336	14593
336	16994
336	18137
336	18210
336	19397
337	1227
337	1302
337	2353
337	2870
337	3680
337	5691
337	7734
337	9201
337	10934
337	11175
337	13143
337	14514
337	18498
338	334
338	2166
338	2300
338	4092
338	7181
338	7825
338	9748
338	11692
338	12084
338	12520
338	13578
338	14784
338	16683
338	17786
338	18260
339	455
339	921
339	1104
339	1992
339	4295
339	4350
339	7101
339	7540
339	9698
339	10011
339	10680
339	12116
339	13419
339	17224
339	19579
340	532
340	555
340	2163
340	4220
340	9014
340	9482
340	10831
340	16343
340	17236
340	17967
340	19272
341	100
341	852
341	1000
341	2915
341	10108
341	10185
341	10649
341	11276
341	11952
341	12544
341	13303
341	14139
341	14950
341	16168
341	16714
341	18688
342	2039
342	3746
342	4210
342	4491
342	6530
342	7356
342	7610
342	8178
342	8626
342	10897
342	13671
342	15940
342	16984
343	370
343	664
343	2424
343	2747
343	4011
343	4050
343	4470
343	6891
343	7272
343	12691
343	12696
343	12713
343	13316
343	16527
343	17258
343	19690
344	863
344	1256
344	1925
344	4326
344	4534
344	6872
344	8574
344	8724
344	9890
344	11211
344	13088
344	14546
344	15787
344	16268
344	19300
344	19349
345	89
345	832
345	1700
345	2513
345	4483
345	11958
345	13933
345	15879
345	15939
345	17399
345	17409
345	17854
345	17880
345	18909
345	19086
346	1118
346	1301
346	2139
346	2687
346	3678
346	7168
346	11339
346	12083
346	12247
346	12348
346	12598
346	14140
346	14995
346	15014
346	16503
347	397
347	797
347	809
347	3946
347	5405
347	5624
347	6678
347	7945
347	10847
347	15285
347	16096
347	16255
347	19327
348	331
348	959
348	962
348	1375
348	7182
348	7807
348	8618
348	9105
348	12374
348	12953
348	13449
348	15188
348	17474
349	947
349	956
349	5231
349	5320
349	6727
349	7485
349	9532
349	10747
349	11612
349	12245
349	15717
349	19323
349	19850
350	648
350	4456
350	7495
350	8601
350	9011
350	9219
350	9303
350	11217
350	17905
350	19426
350	19436
351	786
351	882
351	1067
351	1773
351	1881
351	3601
351	3624
351	4249
351	4884
351	5990
351	12062
351	13872
351	15194
351	18664
351	19339
351	19683
352	17
352	240
352	1538
352	3531
352	4928
352	5870
352	6083
352	6227
352	8251
352	9383
352	10967
352	13471
352	14071
352	16453
352	16668
353	1289
353	2939
353	3830
353	4735
353	5884
353	5940
353	7618
353	11833
353	11974
353	14875
353	17385
353	18557
354	991
354	1392
354	1848
354	3638
354	4821
354	5006
354	6020
354	6559
354	6662
354	9228
354	12577
354	18592
355	603
355	756
355	4593
355	7094
355	8067
355	8461
355	8943
355	9344
355	10006
355	10725
355	11313
355	11319
355	12613
355	13210
355	16871
356	850
356	1368
356	1694
356	3314
356	5983
356	7716
356	7752
356	8054
356	8231
356	8882
356	8986
356	9116
356	14160
356	15311
356	17266
356	19589
357	487
357	607
357	697
357	5066
357	7124
357	7647
357	7703
357	8124
357	10753
357	12446
357	14990
357	16033
357	16107
357	16885
357	17184
357	19274
358	199
358	217
358	637
358	798
358	1074
358	2172
358	2560
358	3337
358	6898
358	8710
358	10404
358	12259
358	13425
358	17308
359	107
359	715
359	1760
359	2661
359	5873
359	6013
359	7026
359	9489
359	13855
359	14405
359	15527
359	17412
360	1019
360	5136
360	5794
360	7907
360	8617
360	8736
360	9770
360	11621
360	12165
360	13708
360	14688
360	16728
361	232
361	1970
361	4598
361	4831
361	4904
361	6763
361	8938
361	11416
361	11691
361	13448
361	15540
361	15568
361	16166
361	17153
361	18435
361	19693
362	5131
362	6047
362	7827
362	9041
362	9121
362	10112
362	10688
362	12937
362	14760
362	16076
362	17392
363	289
363	2046
363	2208
363	2773
363	5119
363	5396
363	6480
363	7983
363	9152
363	10054
363	10676
363	12712
363	13878
363	14371
363	15907
363	16165
363	16186
363	17748
364	937
364	1558
364	1641
364	2709
364	2810
364	3322
364	5808
364	6230
364	6560
364	8506
364	9340
364	10950
364	13238
364	13532
364	18526
364	19828
365	1993
365	6262
365	6452
365	7320
365	7345
365	7378
365	11523
365	12628
365	12805
365	13183
365	13501
365	19916
366	6181
366	7165
366	9183
366	12050
366	14176
366	14195
366	14241
366	14277
366	14930
366	15206
366	15932
366	18146
366	19036
367	2504
367	3217
367	5364
367	5630
367	5735
367	5773
367	6396
367	6744
367	7697
367	9069
367	11733
367	12465
367	14029
367	14961
367	15653
368	469
368	7063
368	10325
368	10470
368	11080
368	12452
368	14016
368	14100
368	15597
368	16357
368	16981
368	18177
368	18979
368	19195
368	19893
369	2328
369	5169
369	6287
369	8028
369	8528
369	9083
369	12034
369	13149
369	13638
369	14170
369	15130
369	16037
369	16485
369	16868
369	17636
369	18407
369	18996
370	343
370	1332
370	1938
370	2128
370	6774
370	8771
370	9752
370	9898
370	10509
370	10886
370	12289
370	13601
370	17438
370	19697
371	438
371	781
371	2169
371	4658
371	4661
371	6561
371	8385
371	11623
371	12929
371	13975
371	16124
371	18660
371	19077
371	19761
372	1108
372	2587
372	2912
372	3114
372	4325
372	5976
372	6591
372	7576
372	9024
372	10603
372	11724
372	12521
372	14050
372	17206
372	17250
372	19265
373	10
373	3044
373	3453
373	4445
373	7375
373	7556
373	7774
373	8523
373	9874
373	11476
373	14337
373	14968
373	15670
373	16077
373	16327
373	17846
373	18225
373	19121
374	2946
374	3812
374	6639
374	8991
374	10103
374	10266
374	11146
374	14274
374	14513
374	14570
374	15472
374	17048
374	17078
374	18562
375	295
375	1527
375	1845
375	2134
375	3976
375	4480
375	4885
375	5101
375	8095
375	8595
375	10802
375	11687
375	12560
375	12703
375	13268
375	13844
375	17046
375	17625
376	1159
376	1364
376	2726
376	5008
376	6291
376	6421
376	7233
376	9302
376	12546
376	13253
376	13839
376	14334
376	15806
376	16409
376	16558
376	19523
377	1149
377	1740
377	2060
377	4338
377	4690
377	5125
377	7171
377	7507
377	8284
377	9117
377	9574
377	9914
377	13200
377	15069
377	17644
378	2056
378	2649
378	2713
378	3975
378	4436
378	5093
378	6257
378	9288
378	9349
378	9565
378	11651
378	11746
378	13277
378	13648
378	14328
379	2590
379	4698
379	5236
379	5613
379	8714
379	9667
379	10328
379	10595
379	11343
379	12042
379	12314
379	12396
379	13636
379	18264
379	19366
380	2315
380	2420
380	3029
380	3565
380	3902
380	8000
380	8550
380	10812
380	11299
380	11423
380	11547
380	13252
380	13742
380	15809
380	15918
380	15946
380	16986
380	17544
381	388
381	2509
381	3351
381	3475
381	4262
381	5534
381	5856
381	6917
381	8722
381	10740
381	13631
381	13669
381	18652
381	19700
381	19908
382	5124
382	5836
382	7115
382	7164
382	8990
382	9030
382	9262
382	10250
382	11842
382	12337
382	14021
382	16172
383	386
383	1128
383	1807
383	2374
383	4641
383	5195
383	8340
383	12999
383	14584
383	16983
383	17558
384	28
384	495
384	6174
384	7222
384	8111
384	8418
384	8437
384	8614
384	10076
384	10145
384	10349
384	14345
384	16380
384	19170
385	588
385	1591
385	2013
385	2441
385	5409
385	6525
385	7469
385	8649
385	10410
385	11039
385	12590
385	15321
385	15429
385	17985
385	18305
386	1111
386	1605
386	2642
386	5027
386	8405
386	8432
386	9399
386	12154
386	14422
386	15312
386	16202
386	16484
386	17871
387	4319
387	5506
387	5545
387	7643
387	8711
387	9764
387	10615
387	12782
387	12808
387	14367
387	14471
387	15953
387	17749
388	505
388	1396
388	2591
388	2992
388	3394
388	5586
388	7719
388	9002
388	9362
388	9494
388	9551
388	9677
388	10393
388	17348
388	17687
389	2506
389	3729
389	4743
389	5340
389	5995
389	6326
389	8297
389	8980
389	12667
389	14339
389	15955
389	17167
389	17894
389	18439
389	19873
390	740
390	743
390	1551
390	4864
390	5531
390	6740
390	6854
390	7208
390	7481
390	7969
390	8630
390	10952
390	14526
390	15458
390	18024
390	18755
391	2500
391	4728
391	10254
391	11144
391	12002
391	12727
391	15046
391	15770
391	16235
391	16738
391	18867
391	19017
391	19818
392	269
392	277
392	614
392	3050
392	3407
392	3735
392	5252
392	8515
392	9634
392	9843
392	10368
392	14707
392	14931
392	15945
392	16155
392	16635
393	371
393	2209
393	6897
393	8335
393	8404
393	10384
393	11935
393	12533
393	12702
393	13702
393	13718
393	13882
393	15431
393	17313
394	1008
394	3395
394	5414
394	7261
394	9694
394	10155
394	11577
394	18854
394	18890
394	18915
394	19163
394	19939
395	271
395	520
395	1821
395	2352
395	2576
395	3447
395	3723
395	5375
395	8300
395	11439
395	11512
395	12901
395	16278
395	17315
395	17631
395	18739
395	18977
395	19563
396	1306
396	2336
396	8180
396	9487
396	9501
396	9676
396	12585
396	16053
396	16300
396	16917
396	17054
396	17656
396	18533
397	41
397	837
397	1081
397	2937
397	9370
397	11686
397	13485
397	16002
398	530
398	8210
398	9403
398	10815
398	12744
398	13426
398	14282
398	14304
398	14653
398	15511
398	15571
398	15600
398	15677
398	19112
399	644
399	2464
399	3854
399	6162
399	6254
399	9708
399	11702
399	14670
399	14891
399	16375
399	17198
399	18281
400	701
400	5197
400	5525
400	5738
400	6471
400	7603
400	7664
400	10515
400	11407
400	13008
400	13269
400	13913
400	17447
400	18491
400	19797
401	1166
401	1259
401	2180
401	2556
401	2916
401	3670
401	5205
401	6773
401	8084
401	8211
401	10093
401	10383
401	12738
401	14041
401	15115
401	15702
401	17015
401	17242
402	80
402	1414
402	2683
402	6220
402	6711
402	7219
402	8127
402	9884
402	9974
402	12155
402	13037
402	13261
402	16966
402	17595
402	17628
403	3374
403	5604
403	7361
403	8420
403	8929
403	9600
403	10084
403	10569
403	11639
403	14154
403	14852
403	14863
403	15185
403	16039
403	17223
403	17592
404	303
404	2199
404	2927
404	4102
404	6073
404	7784
404	8181
404	8264
404	9096
404	13284
404	13345
404	15797
404	18379
404	18808
404	19572
405	2704
405	3212
405	3515
405	3750
405	6445
405	7279
405	7429
405	11545
405	11759
405	12134
405	13230
405	13599
405	13886
405	15752
405	18496
406	333
406	1852
406	4979
406	5913
406	6434
406	7128
406	7497
406	7614
406	8671
406	10670
406	11269
406	12095
406	14451
406	15208
407	636
407	5033
407	5173
407	7405
407	10334
407	10499
407	11634
407	11721
407	12341
407	12934
407	16259
407	16263
407	16813
407	19587
408	4857
408	5807
408	5830
408	7852
408	9586
408	11007
408	14025
408	16620
408	17557
408	19432
408	19569
409	4051
409	5421
409	5851
409	7083
409	7698
409	8399
409	9151
409	12004
409	12570
409	13625
409	15687
409	17074
409	17466
409	17706
409	18852
410	7132
410	8713
410	9099
410	9164
410	10133
410	10331
410	10608
410	12527
410	12689
410	12838
410	12991
410	14357
410	16222
410	19672
411	1360
411	6629
411	7891
411	7928
411	9197
411	9520
411	9850
411	9949
411	11895
411	13402
411	13451
412	1281
412	1542
412	1693
412	1853
412	3317
412	3465
412	4994
412	5390
412	7775
412	11824
412	13721
412	15434
412	16744
412	18509
412	19472
413	177
413	1202
413	4194
413	7166
413	9443
413	9775
413	11379
413	12653
413	12807
413	13738
413	14474
413	14686
413	18201
413	18367
413	19658
414	30
414	209
414	825
414	4895
414	7434
414	8129
414	10005
414	11437
414	11751
414	12117
414	13802
414	15698
414	16303
414	17203
414	18090
414	18719
415	773
415	1937
415	2020
415	5815
415	6286
415	6912
415	6927
415	7527
415	10491
415	12966
415	13377
415	18697
415	18743
415	19207
416	873
416	1923
416	2522
416	2571
416	3042
416	5585
416	7514
416	8157
416	9169
416	10529
416	11894
416	11933
416	13010
416	15111
416	17676
416	19421
416	19657
417	2143
417	5389
417	7679
417	7794
417	9008
417	10346
417	10866
417	11154
417	12290
417	13009
417	13163
417	13533
417	13603
417	14680
417	19928
418	990
418	2729
418	4582
418	6910
418	7020
418	7506
418	8343
418	10211
418	11045
418	11452
418	13454
418	15074
418	15335
418	15514
418	17649
419	1520
419	1905
419	6362
419	8270
419	8717
419	13737
419	15160
419	17956
419	18425
419	18775
419	19402
419	19469
419	19905
420	918
420	5133
420	6837
420	7652
420	10704
420	11241
420	11868
420	13031
420	13171
420	15054
420	15132
420	15650
420	18465
421	2113
421	4595
421	5109
421	6542
421	9310
421	11013
421	12156
421	14153
421	14713
421	15855
421	16091
421	16727
421	17723
421	17873
422	565
422	1291
422	1975
422	2151
422	2457
422	3807
422	4199
422	7591
422	8429
422	12659
422	12831
422	13113
422	14291
422	17042
422	17481
422	17567
422	17605
423	1363
423	3112
423	7125
423	7992
423	9076
423	10511
423	12575
423	12760
423	14924
423	15151
423	15776
423	16127
423	16138
423	17498
423	17851
424	50
424	2754
424	4267
424	4612
424	7076
424	7162
424	7418
424	8760
424	8913
424	10555
424	11647
424	12555
424	12930
424	13619
424	14437
424	14965
424	15035
424	15555
425	2253
425	3505
425	3642
425	4028
425	4611
425	6918
425	7385
425	9497
425	9680
425	11892
425	12676
425	14462
425	15525
425	16305
425	16498
425	18536
425	19252
426	265
426	2041
426	5670
426	5937
426	8479
426	9475
426	13006
426	13181
426	14258
426	14500
426	16622
426	16648
426	17159
426	17303
426	19042
427	3909
427	4517
427	6539
427	7993
427	8469
427	8586
427	10760
427	12045
427	13456
427	18525
427	19997
428	916
428	3306
428	5549
428	6718
428	6829
428	8222
428	11847
428	11987
428	12307
428	13012
428	13858
428	15231
428	16577
428	17144
428	19176
429	1126
429	2814
429	3215
429	4132
429	5523
429	6266
429	6991
429	7467
429	9412
429	9564
429	10817
429	15158
429	16262
429	19865
430	392
430	517
430	1658
430	1918
430	5097
430	6212
430	6583
430	10571
430	11517
430	13568
430	14896
430	15215
430	15348
431	298
431	560
431	2790
431	3420
431	4998
431	10083
431	10197
431	10743
431	11619
431	12641
431	12917
431	14216
431	14540
431	18762
431	19027
431	19731
432	605
432	829
432	1552
432	5575
432	8611
432	9058
432	9664
432	10277
432	11246
432	13617
432	14916
432	15181
432	15634
432	15981
432	18120
432	19114
433	1441
433	3080
433	3405
433	5202
433	6021
433	7339
433	9233
433	11954
433	12863
433	12940
433	14681
433	18961
433	19082
433	19743
434	776
434	2989
434	5083
434	5096
434	11274
434	12584
434	13515
434	14844
434	15005
434	15488
434	16531
434	17229
435	826
435	1299
435	1822
435	3558
435	4726
435	6038
435	7053
435	8415
435	10149
435	12825
435	15632
435	17612
435	18949
436	5475
436	5579
436	5881
436	5988
436	9255
436	9706
436	12923
436	15888
436	16247
436	16423
436	18402
436	19318
436	19453
436	19604
437	963
437	4560
437	6839
437	7045
437	9364
437	12924
437	14036
437	14417
437	15240
437	15930
437	17059
437	19155
437	19322
437	19696
437	19804
438	4632
438	7110
438	7548
438	9331
438	9610
438	10437
438	10733
438	10994
438	11436
438	12390
438	13260
438	14507
438	18401
438	19304
439	3811
439	9132
439	9461
439	9569
439	10717
439	10881
439	11857
439	14433
439	15113
439	16111
439	16157
439	16843
439	16899
439	16992
440	1003
440	1261
440	2273
440	6189
440	6253
440	7235
440	7252
440	11614
440	11620
440	12298
440	13207
440	13741
440	13971
440	14147
440	16064
440	17062
441	2725
441	4551
441	7338
441	7791
441	9855
441	10366
441	11961
441	12350
441	12614
441	14333
441	14479
441	15502
441	15904
441	16377
441	16463
441	16506
441	16897
441	18016
442	1099
442	1511
442	6750
442	7305
442	8359
442	8846
442	8955
442	12121
442	15480
442	19119
442	19734
442	19839
443	2347
443	2840
443	2985
443	5435
443	5536
443	6840
443	7323
443	8631
443	11171
443	14186
443	15766
443	16847
443	17178
443	17685
443	18009
443	19430
443	19654
444	3998
444	5021
444	5408
444	6357
444	9413
444	12579
444	13208
444	13443
444	14346
444	15414
444	16460
444	19452
445	1419
445	1873
445	2596
445	2815
445	3689
445	4828
445	4950
445	6812
445	8747
445	9498
445	11925
445	14368
445	14460
445	16079
445	16221
446	4215
446	5417
446	7931
446	8203
446	8660
446	12347
446	12461
446	14184
446	14748
446	15255
446	15411
446	16411
446	16920
446	17151
447	5452
447	5639
447	7535
447	9036
447	9348
447	9717
447	11784
447	12308
447	13353
447	13758
447	14128
447	14982
447	16741
448	46
448	408
448	461
448	1112
448	2786
448	4394
448	4956
448	5553
448	7649
448	13194
448	13354
448	13849
448	19018
449	1825
449	3126
449	3280
449	3669
449	4031
449	4040
449	4139
449	4146
449	4447
449	7154
449	8791
449	10538
449	13206
449	15077
449	16283
449	17827
450	858
450	1359
450	1652
450	4591
450	5017
450	7047
450	7247
450	7422
450	8960
450	10954
450	12359
450	16995
450	17790
450	19019
451	4769
451	5480
451	6328
451	9449
451	9653
451	12353
451	14945
451	15229
451	17849
452	7
452	2966
452	4118
452	4189
452	4336
452	4553
452	4955
452	7281
452	8783
452	9086
452	12836
452	15353
452	16068
452	18051
452	18988
453	2568
453	5431
453	6594
453	7681
453	12172
453	12321
453	13848
453	15726
453	16597
453	17589
453	18352
453	18975
453	19484
454	1282
454	2211
454	4010
454	4505
454	4826
454	10907
454	12378
454	12914
454	15436
454	15808
454	16762
454	17199
455	787
455	915
455	2605
455	3659
455	5570
455	6307
455	6317
455	8489
455	8861
455	17173
455	18396
455	18655
455	19862
456	2818
456	5530
456	5893
456	8294
456	8682
456	9678
456	11794
456	11815
456	12482
456	12654
456	13715
456	15298
456	17071
456	17423
456	18792
457	1423
457	2775
457	4520
457	5554
457	6310
457	8977
457	9130
457	9264
457	10345
457	11106
457	12519
457	14182
457	16561
457	17187
457	17378
457	17942
458	2284
458	3406
458	4498
458	5655
458	7062
458	9474
458	10184
458	11663
458	12026
458	13574
458	17994
458	18041
458	18145
458	18651
459	2137
459	2724
459	2777
459	5906
459	5973
459	7606
459	10469
459	12035
459	12822
459	13491
459	17254
459	17420
459	18589
459	19257
460	171
460	291
460	562
460	1745
460	2573
460	6392
460	7725
460	8531
460	8869
460	9831
460	14396
460	15398
460	16663
460	18487
461	253
461	1403
461	1893
461	5111
461	6109
461	6856
461	8377
461	8413
461	8769
461	10335
461	14828
461	15938
461	16701
461	19364
462	571
462	1199
462	1493
462	2247
462	2390
462	2871
462	6726
462	7952
462	9576
462	12684
462	14618
462	15090
462	16807
462	17053
462	17799
462	18020
463	586
463	765
463	1056
463	2023
463	4385
463	5546
463	5592
463	8164
463	8356
463	10920
463	12460
463	14074
463	14108
463	17150
463	17973
463	18586
463	19498
464	2005
464	5923
464	8023
464	8285
464	8449
464	9683
464	10062
464	10983
464	14008
464	14148
464	17414
464	19158
464	19384
464	19570
465	1066
465	2242
465	4908
465	5693
465	7259
465	7619
465	8305
465	10310
465	14217
465	14426
465	14454
465	15291
465	17019
465	17492
465	17791
465	18034
465	18716
466	6368
466	6551
466	7596
466	11053
466	13022
466	13104
466	13262
466	15388
466	15435
466	16870
466	17312
466	19264
467	71
467	604
467	1339
467	2036
467	2862
467	3640
467	3660
467	10098
467	11229
467	11366
467	11550
467	11607
467	11992
467	13942
467	14063
467	14551
467	15124
467	17265
468	676
468	2861
468	3092
468	5321
468	7893
468	9101
468	9343
468	9873
468	10507
468	10849
468	11775
468	14033
468	16140
468	19940
469	723
469	843
469	1001
469	1735
469	1868
469	5039
469	11544
469	11816
469	13850
469	15192
469	15529
469	15903
469	15998
469	16468
470	1979
470	3145
470	7879
470	7998
470	9240
470	10116
470	10327
470	11646
470	12166
470	14411
470	14890
470	15424
470	17819
470	19275
470	19933
471	1566
471	1939
471	6133
471	8204
471	8241
471	9470
471	11964
471	12299
471	13004
471	14135
471	14323
471	15184
471	17296
471	19547
472	1983
472	4339
472	4774
472	9704
472	12283
472	13614
472	15894
472	16764
472	16819
472	17006
472	17795
472	18695
472	18815
473	1670
473	4287
473	4289
473	5792
473	7937
473	8597
473	13250
473	13760
473	13799
473	14475
473	17152
473	17405
473	17449
473	17484
473	19110
474	467
474	718
474	719
474	4753
474	6042
474	6147
474	6827
474	7539
474	10195
474	10781
474	11002
474	15087
474	17387
474	17913
474	19003
474	19848
475	1095
475	1713
475	3009
475	5159
475	7922
475	8201
475	10882
475	10986
475	11254
475	13856
475	17108
475	17228
475	17937
475	17951
475	18309
476	2135
476	2150
476	2746
476	3023
476	3197
476	5541
476	7152
476	11704
476	12612
476	16566
476	16664
476	18547
476	18565
476	18785
476	19993
477	3684
477	4307
477	8159
477	8189
477	9623
477	10423
477	10531
477	11139
477	16213
477	17113
477	17507
477	18060
477	19186
478	134
478	558
478	2240
478	3141
478	3311
478	4720
478	5637
478	5795
478	11058
478	15222
478	17326
478	19279
478	19707
479	161
479	816
479	2468
479	4081
479	4980
479	6263
479	9336
479	9887
479	11296
479	14183
479	18026
479	19392
480	908
480	3443
480	4479
480	4530
480	5073
480	7462
480	8546
480	10212
480	14239
480	16402
480	16803
480	18502
480	19529
481	466
481	1077
481	2235
481	5213
481	6942
481	7957
481	8055
481	10089
481	14287
481	16014
481	16066
481	17568
481	18829
482	651
482	4431
482	7108
482	8953
482	10671
482	12003
482	12109
482	12458
482	13656
482	15779
482	16719
482	16766
482	18071
482	18088
482	19561
482	19778
483	120
483	2711
483	5771
483	5790
483	7214
483	8539
483	9357
483	9407
483	9864
483	10576
483	11028
483	15803
483	17776
483	19229
483	19608
484	4036
484	4693
484	4940
484	6809
484	9380
484	9534
484	10537
484	12041
484	12581
484	15417
484	18542
484	18946
484	19459
485	3710
485	4143
485	6777
485	6958
485	8282
485	8675
485	10602
485	11105
485	12020
485	12770
485	14035
485	14457
485	15868
485	16065
485	16575
485	18226
486	193
486	1129
486	2092
486	7377
486	9312
486	11478
486	11761
486	14663
486	16253
486	19224
486	19945
487	3333
487	6649
487	6658
487	10373
487	11004
487	11219
487	12354
487	13911
487	15333
487	16739
487	18194
487	19143
487	19564
488	3400
488	3819
488	7493
488	7756
488	8723
488	10622
488	10925
488	11397
488	13776
488	14536
488	14729
488	15630
488	16776
488	18265
488	19638
488	19737
489	613
489	2401
489	3218
489	3878
489	5757
489	6114
489	7792
489	9777
489	10034
489	11345
489	11367
489	15994
489	17389
489	17424
489	18115
489	18117
489	18842
489	18998
489	19819
490	2812
490	4299
490	5112
490	6655
490	9484
490	10479
490	11918
490	12496
490	14213
490	18613
490	18644
490	18691
491	460
491	833
491	1772
491	1961
491	1981
491	4345
491	5989
491	7448
491	10687
491	11615
491	14210
491	15853
491	18835
491	19324
492	1064
492	2546
492	2670
492	3598
492	3599
492	4271
492	5847
492	7035
492	8600
492	11063
492	11597
492	12315
492	13575
492	14941
492	15712
492	16083
492	16287
492	18078
492	19536
493	892
493	1456
493	2537
493	3000
493	4217
493	6536
493	11038
493	12592
493	12767
493	12918
493	14545
493	14925
493	15070
493	16220
493	16234
493	16462
493	16745
494	1858
494	3585
494	3749
494	4654
494	5481
494	5568
494	6178
494	7100
494	7200
494	7732
494	8292
494	8430
494	11016
494	11140
495	1137
495	1447
495	2368
495	6164
495	6978
495	7343
495	11506
495	14461
495	15590
495	17950
495	19313
495	19456
496	780
496	3136
496	4543
496	6485
496	6722
496	7536
496	8355
496	13641
496	14899
496	15867
496	17762
497	315
497	1234
497	1731
497	3548
497	5700
497	5967
497	6150
497	6412
497	10099
497	12053
497	13185
497	14340
497	15782
497	16271
497	18588
497	18687
497	19374
498	1245
498	2960
498	6588
498	8271
498	8447
498	11881
498	14705
498	16689
498	17543
498	19855
499	456
499	885
499	3495
499	3837
499	4635
499	5253
499	7975
499	8128
499	10506
499	10921
499	12779
499	17696
499	17856
499	18356
499	19507
500	722
500	1270
500	3523
500	6116
500	7295
500	8501
500	10238
500	10559
500	12214
500	12279
500	14948
500	16043
500	19220
501	590
501	1942
501	2173
501	2507
501	3137
501	3926
501	4620
501	4670
501	6022
501	6713
501	7472
501	8471
501	9846
501	14363
501	14383
501	14504
501	15713
501	17143
501	19073
502	393
502	524
502	925
502	1811
502	3960
502	4567
502	4921
502	5769
502	7186
502	9017
502	11741
502	13523
502	16099
502	17577
502	19404
502	19995
503	1293
503	1614
503	1685
503	1730
503	2910
503	4849
503	5193
503	5510
503	6314
503	7529
503	8323
503	8876
503	9222
503	9463
503	9611
503	15524
503	15768
503	16364
504	369
504	1966
504	2178
504	4304
504	5573
504	6501
504	6834
504	6936
504	9495
504	11988
504	12093
504	15086
504	15262
504	15906
504	16041
504	17817
505	2054
505	2706
505	3753
505	5676
505	6609
505	10832
505	11374
505	12741
505	13078
505	14998
505	16193
505	16474
505	16958
505	17002
506	1778
506	3300
506	4440
506	4488
506	5395
506	6393
506	8156
506	10580
506	11065
506	13965
506	14194
506	15230
506	18056
506	18817
506	19409
507	1571
507	1996
507	5747
507	8480
507	8800
507	11562
507	12776
507	14101
507	15690
507	16440
507	16750
507	17650
507	18021
507	19703
508	1236
508	2210
508	3690
508	4222
508	5826
508	6596
508	7932
508	13141
508	13854
508	13890
508	14895
508	17886
508	18403
509	1161
509	1421
509	2586
509	2635
509	5347
509	8118
509	9270
509	9736
509	10885
509	11782
509	12495
509	12964
509	16318
509	18788
510	283
510	3795
510	5590
510	7329
510	7765
510	7790
510	9249
510	9875
510	12998
510	17235
510	18370
511	1171
511	2309
511	2954
511	2997
511	3900
511	4513
511	5388
511	5612
511	6138
511	7910
511	7997
511	8557
511	9530
511	10594
511	13184
511	18983
511	19177
512	1241
512	1273
512	4243
512	8168
512	8746
512	10267
512	10942
512	11240
512	11321
512	17411
512	19219
512	19258
513	817
513	1535
513	2932
513	4973
513	8794
513	8940
513	9806
513	11836
513	12839
513	13211
513	15166
513	15909
513	16787
513	17079
513	18620
514	1124
514	2248
514	3120
514	3503
514	3762
514	4624
514	4916
514	6312
514	7425
514	8548
514	12176
514	12311
514	12411
514	14240
514	14934
514	18038
515	3751
515	3760
515	3775
515	4203
515	4413
515	6417
515	7427
515	7626
515	11592
515	11737
515	12941
515	13065
515	13417
515	14009
515	14647
515	15663
516	969
516	1198
516	1570
516	2619
516	4615
516	5802
516	7297
516	7882
516	8770
516	10982
516	11806
516	12198
516	13296
516	14505
516	15936
516	18913
516	19406
516	19922
517	431
517	496
517	680
517	1593
517	4805
517	7917
517	8909
517	10233
517	12439
517	13433
517	14250
517	15758
517	16118
517	16951
518	1039
518	2461
518	3155
518	3615
518	6811
518	10523
518	10728
518	13442
518	13517
518	14523
518	14929
518	16609
518	17866
518	18711
519	1427
519	1522
519	2096
519	3498
519	3632
519	4422
519	4525
519	5752
519	5827
519	7183
519	10902
519	13728
519	17539
519	19148
520	3129
520	3275
520	5619
520	6191
520	8923
520	9100
520	9647
520	11695
520	13217
520	13932
520	14612
520	14897
520	16659
520	16800
520	17992
520	18874
520	19035
521	2061
521	2194
521	2470
521	5358
521	6950
521	7408
521	8664
521	10930
521	11141
521	16722
521	17448
521	19446
522	810
522	1246
522	4682
522	7841
522	8576
522	11558
522	12362
522	12406
522	13027
522	14478
522	15678
522	16060
522	16556
522	17478
522	17530
523	724
523	2942
523	3663
523	7717
523	8425
523	11399
523	11480
523	11575
523	11867
523	13452
523	13527
523	13808
523	15112
523	16737
523	18167
524	1408
524	2925
524	4022
524	7900
524	8951
524	9091
524	10916
524	12222
524	13596
524	14745
524	14977
524	16354
524	16957
524	18214
524	18666
525	0
525	1212
525	2299
525	2553
525	3493
525	8874
525	9314
525	9559
525	9732
525	13180
525	16430
525	19475
526	3014
526	6365
526	7144
526	7353
526	7568
526	8274
526	9176
526	12606
526	13722
526	13906
526	16740
526	18110
526	19307
526	19749
527	2612
527	3100
527	3161
527	3822
527	4762
527	5370
527	9910
527	10616
527	12208
527	17646
527	17893
527	18677
527	18880
527	18978
527	19629
528	2592
528	3672
528	5355
528	5533
528	7755
528	8448
528	9970
528	10953
528	13833
528	14813
528	17095
528	17365
528	17692
528	17923
528	19365
529	275
529	1157
529	3419
529	3676
529	4494
529	4949
529	6225
529	7723
529	8803
529	9935
529	11682
529	18325
529	19710
530	1847
530	1856
530	2416
530	3530
530	8473
530	10219
530	10497
530	10502
530	11409
530	11648
530	12099
530	12232
530	12761
530	14157
530	16020
530	16973
530	19866
531	2294
531	5012
531	5522
531	6194
531	8176
531	8966
531	12580
531	13985
531	14266
531	15332
531	15430
531	16820
532	468
532	5398
532	7169
532	8185
532	9924
532	10460
532	11415
532	14867
532	15195
532	15393
532	15857
532	15962
532	17845
532	19998
533	16
533	554
533	3332
533	5024
533	6058
533	6735
533	8132
533	10482
533	11249
533	12086
533	13604
533	14285
533	14397
533	15172
533	15408
533	17116
533	19043
534	3616
534	3833
534	4794
534	7138
534	8555
534	9375
534	11310
534	13348
534	13545
534	13946
534	16052
534	18015
534	18561
534	19495
534	19705
534	19886
535	615
535	1708
535	4045
535	5437
535	5682
535	6323
535	6486
535	9746
535	11528
535	12105
535	12325
535	13963
535	15625
535	17347
535	17847
536	938
536	1982
536	3569
536	5504
536	7331
536	10096
536	11402
536	11999
536	13057
536	14976
536	16641
536	17833
536	19591
536	19924
537	147
537	1617
537	1692
537	2292
537	8623
537	10429
537	13011
537	14698
537	14979
537	15228
537	15986
537	16404
537	18324
537	18619
537	18877
537	18916
537	19984
538	168
538	545
538	6512
538	7781
538	8125
538	8918
538	9690
538	10995
538	11108
538	13024
538	13125
538	15002
538	15642
538	16282
538	16824
538	17433
538	17775
539	1701
539	1798
539	4922
539	5528
539	8673
539	9046
539	9465
539	11227
539	11899
539	12748
539	12994
539	14271
539	16046
539	18869
539	19677
540	208
540	1117
540	3298
540	3302
540	3545
540	7648
540	7670
540	7721
540	9295
540	13681
540	15421
540	15451
540	18212
540	19250
540	19849
541	5325
541	5423
541	6650
541	6871
541	6919
541	7761
541	10702
541	11773
541	12423
541	12720
541	15104
541	16394
541	16822
541	17107
541	17161
541	19794
542	165
542	1186
542	1276
542	2974
542	3627
542	5037
542	6879
542	8152
542	9916
542	10695
542	15378
542	16008
543	429
543	1978
543	2408
543	2594
543	2831
543	2923
543	4024
543	5565
543	6528
543	12957
543	13691
543	17375
543	18897
543	19486
544	26
544	1496
544	2161
544	3086
544	3442
544	3717
544	3810
544	3931
544	5663
544	5768
544	8131
544	8842
544	13991
544	14516
544	16095
545	366
545	3556
545	3951
545	5947
545	6008
545	6573
545	7092
545	7780
545	9605
545	9728
545	10208
545	11429
545	11771
545	19134
545	19146
546	245
546	1678
546	3441
546	4023
546	7097
546	7232
546	7274
546	8732
546	9596
546	9816
546	9925
546	10943
546	11026
546	12666
546	13470
546	13522
546	18012
546	18042
547	2652
547	3906
547	9104
547	9637
547	9791
547	11440
547	11978
547	12824
547	12861
547	12925
547	15153
547	17164
547	17502
548	1799
548	2745
548	2823
548	6161
548	9997
548	11134
548	11955
548	12793
548	15346
548	16811
548	17462
548	19087
548	19577
548	19813
549	2780
549	3393
549	6172
549	6613
549	6803
549	9016
549	10978
549	13977
549	15136
549	15467
549	16102
549	18735
550	917
550	3993
550	4371
550	5301
550	5627
550	8799
550	11953
550	13465
550	14342
550	15589
550	15683
550	15753
550	16823
550	18413
550	18729
550	19152
551	2902
551	3870
551	4389
551	5164
551	6200
551	8788
551	11057
551	11701
551	13220
551	13429
551	13817
551	18154
551	19738
552	872
552	2114
552	2597
552	3098
552	5816
552	6157
552	8579
552	11097
552	13073
552	13114
552	14023
552	15647
552	17987
552	18087
552	19996
553	297
553	1264
553	1588
553	4406
553	4745
553	5076
553	5675
553	9817
553	11012
553	13650
553	13958
553	15968
553	17903
553	19273
554	132
554	3554
554	3621
554	6129
554	8065
554	11277
554	11722
554	15798
554	17299
554	18010
554	18544
554	19485
555	428
555	928
555	1055
555	1840
555	1897
555	7301
555	8556
555	8839
555	10202
555	10697
555	12126
555	15563
555	15643
555	17408
555	19491
556	6429
556	8109
556	8735
556	9157
556	9763
556	12281
556	14654
556	14919
556	16243
556	16267
556	16600
556	17201
556	17340
556	19010
557	394
557	2800
557	2808
557	5755
557	7248
557	9409
557	9644
557	10362
557	13897
557	17055
557	18124
557	19040
558	3694
558	5909
558	6072
558	6450
558	6845
558	8577
558	9048
558	12039
558	17435
558	17526
558	18332
558	19202
558	19562
559	4200
559	4552
559	6929
559	7920
559	8021
559	9555
559	9865
559	10216
559	10557
559	11587
559	12573
559	12868
559	12952
559	13891
559	15944
559	17609
560	8018
560	8049
560	8311
560	8841
560	10741
560	12139
560	12648
560	12753
560	14062
560	15415
560	17639
560	17904
560	18030
560	19955
561	975
561	4193
561	4332
561	5537
561	9437
561	11228
561	13815
561	14652
561	15772
561	16108
561	17598
561	18209
561	18895
561	19150
561	19689
562	43
562	2689
562	4080
562	4581
562	5248
562	6982
562	8190
562	8321
562	10834
562	13685
562	14127
562	14436
562	17136
562	17194
563	196
563	482
563	1691
563	2584
563	4174
563	4463
563	6160
563	6826
563	6888
563	7275
563	7516
563	9203
563	10518
563	13520
563	15442
563	16010
563	17624
563	17663
564	877
564	1220
564	2102
564	4211
564	5998
564	6873
564	7201
564	8247
564	8781
564	13563
564	14669
564	16493
564	18473
565	2270
565	3826
565	4253
565	5901
565	8914
565	9217
565	10899
565	11880
565	16204
565	17364
565	19846
566	207
566	1379
566	2681
566	2940
566	6290
566	6652
566	7712
566	7916
566	9793
566	13972
566	14850
566	16718
566	19032
566	19487
566	19502
567	2781
567	6926
567	7522
567	7842
567	9401
567	9545
567	9549
567	12969
567	13838
567	15033
567	15170
567	18432
568	793
568	1857
568	3074
568	3316
568	6896
568	10305
568	11917
568	12549
568	15830
568	16142
568	16550
568	17862
568	18640
569	1646
569	2663
569	5171
569	9903
569	9944
569	14124
569	14736
569	15363
569	16476
569	16991
569	17566
569	17969
569	19751
569	19756
570	300
570	2928
570	6828
570	8112
570	8677
570	9835
570	11581
570	13304
570	14060
570	15603
570	15656
570	17123
570	19311
570	19653
571	405
571	519
571	669
571	1189
571	2108
571	4219
571	4701
571	7191
571	7963
571	9329
571	9583
571	9779
571	10633
571	12664
571	14692
571	14822
571	16952
572	24
572	91
572	577
572	1151
572	1832
572	8317
572	8767
572	9032
572	9231
572	10770
572	12304
572	13087
572	14777
572	15341
572	18471
573	182
573	802
573	1333
573	4802
573	4856
573	5019
573	5189
573	6084
573	7218
573	8752
573	9937
573	11472
573	13093
573	13096
573	15948
573	16178
573	16272
573	19332
574	2492
574	2617
574	3516
574	4627
574	4780
574	5000
574	6517
574	9722
574	11684
574	14137
574	15974
574	17248
574	17863
574	18341
574	19091
575	314
575	1698
575	1751
575	1903
575	7763
575	7770
575	8374
575	10307
575	11364
575	12869
575	13373
575	14556
575	15813
575	16884
575	17380
576	733
576	2380
576	2676
576	3028
576	6443
576	9448
576	12054
576	12262
576	12662
576	14487
576	16072
576	16167
576	19986
576	19994
577	1036
577	3063
577	3921
577	3941
577	5100
577	5448
577	9211
577	10415
577	11921
577	12322
577	13989
577	14747
577	18747
577	19694
578	510
578	2068
578	2469
578	3771
578	4355
578	6279
578	11376
578	13058
578	15644
578	16633
578	16987
578	18438
578	18493
578	19193
579	1312
579	2602
579	4002
579	4196
579	6269
579	8946
579	11162
579	11508
579	12128
579	12182
579	13516
579	16941
579	17417
579	19400
580	2589
580	7387
580	7762
580	9765
580	10498
580	11051
580	11700
580	11942
580	12331
580	12700
580	13347
580	13567
580	17284
580	17878
580	19777
581	4000
581	4537
581	4797
581	5183
581	5645
581	6192
581	10873
581	14099
581	15489
581	16088
581	18749
582	2142
582	3085
582	3668
582	3705
582	4499
582	5080
582	5770
582	7015
582	7750
582	9038
582	9543
582	9845
582	9987
582	11772
582	13169
582	15865
582	18550
582	18834
583	32
583	135
583	1988
583	4899
583	5137
583	5728
583	6672
583	7060
583	7424
583	9075
583	9139
583	13480
583	13847
583	17917
584	675
584	696
584	2459
584	3553
584	4990
584	6566
584	7207
584	8733
584	8997
584	9384
584	9462
584	10993
584	12418
584	12958
584	14150
585	2103
585	2644
585	2665
585	3861
585	4500
585	5170
585	12190
585	12680
585	13436
585	14329
585	15967
585	17148
585	18553
585	19525
586	785
586	828
586	2697
586	5132
586	5146
586	5927
586	8431
586	8757
586	9171
586	10243
586	10262
586	11594
586	12562
586	13939
586	14040
586	14321
586	14529
586	15501
586	18460
587	997
587	1585
587	3596
587	7012
587	7268
587	9174
587	10445
587	15256
587	15648
587	15751
587	16789
587	17970
587	19287
588	1536
588	1541
588	2599
588	2955
588	7577
588	8330
588	9756
588	15117
588	16294
588	16831
588	18857
588	19205
588	19612
589	907
589	1601
589	3942
589	5255
589	6125
589	6198
589	6556
589	7306
589	7885
589	8336
589	8931
589	9670
589	10395
589	12379
589	17090
589	17446
589	18238
589	19331
590	452
590	720
590	1432
590	3899
590	4913
590	6610
590	6790
590	7650
590	10879
590	12403
590	13213
590	13272
590	14053
590	15106
590	17363
591	2913
591	3156
591	5262
591	6462
591	8453
591	9216
591	10365
591	11697
591	11903
591	12098
591	13867
591	15516
591	16998
591	18342
592	1180
592	6951
592	7492
592	8476
592	10809
592	14419
592	15661
592	17125
592	18429
592	18708
592	19100
592	19621
592	19769
592	19972
593	1704
593	2351
593	2782
593	3157
593	3581
593	4160
593	5440
593	11505
593	12843
593	14057
593	14790
593	14825
593	15058
593	15975
593	19037
594	1672
594	8252
594	8275
594	10646
594	13660
594	14730
594	16543
594	16804
594	16923
594	18076
594	18769
594	19074
595	2155
595	4623
595	5434
595	7533
595	7904
595	10245
595	11292
595	15773
595	16114
595	16851
595	17415
595	19887
596	151
596	2527
596	3587
596	4128
596	4225
596	4905
596	6299
596	8070
596	8812
596	9784
596	13204
596	16617
596	17168
596	17739
596	18462
596	19609
596	19876
596	19976
597	848
597	1785
597	1985
597	2321
597	3386
597	4078
597	5694
597	7056
597	9726
597	12067
597	12493
597	14970
597	15546
597	15669
597	16231
598	3094
598	3794
598	4248
598	4284
598	4298
598	7604
598	8942
598	10842
598	12660
598	13916
598	15297
598	16244
598	19014
598	19616
599	1557
599	3958
599	3987
599	4917
599	5705
599	7782
599	8172
599	10464
599	10829
599	12538
599	13267
599	13509
599	14259
599	14341
599	14938
600	6208
600	6284
600	7479
600	9953
600	13455
600	15531
600	17121
600	18635
600	18848
601	440
601	1182
601	1776
601	2578
601	3021
601	3097
601	5368
601	5883
601	6569
601	7862
601	11513
601	14243
601	15741
602	516
602	1300
602	2682
602	4340
602	6948
602	7584
602	8416
602	9523
602	11248
602	11811
602	11929
602	13703
602	13950
602	15029
602	15724
602	17452
603	529
603	1272
603	3297
603	4049
603	5520
603	7566
603	7720
603	8224
603	8889
603	8947
603	14661
603	16990
603	19983
604	1813
604	1833
604	2153
604	4866
604	4933
604	9402
604	10985
604	11358
604	11578
604	11645
604	12142
604	14414
604	15999
604	17457
604	19583
605	149
605	178
605	472
605	2138
605	2407
605	2545
605	4349
605	6144
605	6736
605	6779
605	14293
605	14952
605	15010
605	15260
605	15807
605	16031
605	18891
606	206
606	443
606	903
606	1430
606	3476
606	3636
606	4086
606	7008
606	10264
606	14151
606	14480
606	15157
606	15840
606	17022
606	19201
607	573
607	2554
607	3010
607	3048
607	3892
607	6862
607	11852
607	13804
607	15521
607	17373
607	18566
607	19255
608	2252
608	3119
608	4066
608	5123
608	5800
608	6456
608	7809
608	8369
608	9738
608	9993
608	10118
608	13763
608	18738
609	304
609	552
609	1594
609	2162
609	4533
609	6458
609	7227
609	7824
609	8954
609	11869
609	12120
609	15301
609	16949
610	3904
610	5064
610	5532
610	7924
610	8748
610	9175
610	13797
610	13895
610	14866
610	15308
610	16464
610	17488
610	19635
611	1644
611	2234
611	2381
611	6619
611	7598
611	8255
611	11712
611	13280
611	14283
611	14717
611	14740
611	14834
611	16210
611	18280
612	1239
612	5667
612	6301
612	7846
612	9308
612	11976
612	14983
612	15004
612	15706
612	17069
612	17634
612	19335
613	642
613	1712
613	2313
613	2883
613	2890
613	3494
613	5577
613	8089
613	9392
613	12722
613	13155
613	19947
614	241
614	473
614	4970
614	6866
614	8856
614	11147
614	11735
614	13562
614	14410
614	15496
614	16398
614	16858
614	17497
614	18180
615	1927
615	2395
615	4122
615	4268
615	5657
615	7820
615	8742
615	9651
615	10175
615	10861
615	16857
615	18578
615	18628
616	1703
616	3639
616	4373
616	5548
616	5774
616	7616
616	8883
616	9932
616	11220
616	15553
616	18763
616	19858
617	550
617	894
617	1063
617	1899
617	8113
617	11183
617	12114
617	12407
617	13379
617	13503
617	13612
617	16180
617	17709
617	18477
617	18657
618	1639
618	3824
618	5580
618	5685
618	7474
618	10960
618	11116
618	11760
618	14223
618	14728
618	16206
618	16455
618	16979
618	17515
619	1315
619	6093
619	6785
619	8010
619	8526
619	9595
619	10156
619	10462
619	12769
619	14335
619	15320
619	15548
619	16151
619	17964
619	18981
619	19832
620	1009
620	1310
620	1777
620	5350
620	5842
620	6190
620	7114
620	7487
620	9815
620	12017
620	13600
620	15374
620	15665
620	18740
621	1100
621	1783
621	1884
621	3799
621	4263
621	5185
621	5237
621	5793
621	5850
621	9230
621	12118
621	12502
621	14286
621	14750
621	18528
621	18847
621	19706
622	541
622	3379
622	5804
622	11589
622	12972
622	13292
622	15738
622	17183
622	19063
622	19661
622	19913
623	2667
623	3763
623	4717
623	5547
623	5569
623	10031
623	10859
623	10864
623	16666
623	16936
623	18028
623	18630
623	19115
623	19125
623	19550
624	1528
624	4041
624	5736
624	10476
624	11488
624	11522
624	12933
624	14201
624	14564
624	16179
624	19128
624	19306
625	2269
625	2474
625	3201
625	5041
625	5221
625	5796
625	6682
625	7869
625	11586
625	13025
625	14227
625	14908
625	15662
626	83
626	379
626	4968
626	6055
626	7087
626	7328
626	8591
626	9500
626	9945
626	11434
626	14088
626	14361
626	17094
626	18193
626	18223
626	18304
627	235
627	717
627	3037
627	4721
627	6370
627	7402
627	8907
627	9275
627	10051
627	12860
627	13056
627	14449
627	14787
627	16653
627	18318
627	19735
628	2544
628	3852
628	4559
628	7644
628	8038
628	9504
628	11264
628	11822
628	17675
628	17990
628	18358
628	19233
629	358
629	1517
629	5318
629	5721
629	6182
629	6414
629	7773
629	8183
629	9205
629	11349
629	13432
629	13504
629	13749
629	15076
629	16308
629	18108
629	19075
630	396
630	544
630	860
630	2625
630	2969
630	4566
630	6961
630	15394
630	15839
630	16760
630	17909
630	18276
630	18371
631	2274
631	4255
631	4791
631	10251
631	12596
631	16768
631	17524
631	19147
631	19448
631	19787
632	2657
632	7942
632	9118
632	9657
632	11783
632	11943
632	12097
632	13479
632	16101
632	16547
632	17586
632	17971
632	19015
633	1602
633	2067
633	2203
633	3455
633	4692
633	5502
633	6145
633	6686
633	7693
633	8773
633	10911
633	15611
633	15931
633	16963
633	18489
634	471
634	995
634	2957
634	3167
634	3617
634	3962
634	5336
634	6495
634	7123
634	7777
634	13244
634	15143
634	15248
634	16913
635	1140
635	3859
635	9341
635	9827
635	9957
635	11281
635	12430
635	14381
635	14910
635	14953
635	15207
635	15337
635	16826
635	18329
635	19007
636	5499
636	7064
636	9990
636	10078
636	11595
636	12442
636	12907
636	17528
636	18572
636	19944
637	281
637	2452
637	4294
637	6400
637	8411
637	8428
637	9239
637	10375
637	11094
637	12023
637	12107
637	13038
637	13782
637	16889
637	17843
637	18313
638	1623
638	6142
638	10586
638	11129
638	12569
638	13820
638	14030
638	14649
638	15800
638	15984
638	17584
638	19716
639	1130
639	1353
639	2281
639	3514
639	3957
639	4147
639	7722
639	7740
639	11192
639	11805
639	14096
639	16239
639	16667
639	17453
639	17668
639	19174
639	19210
639	19249
640	1030
640	1609
640	2243
640	5659
640	7573
640	8291
640	8468
640	10433
640	12201
640	12715
640	15043
640	16360
640	16410
641	1519
641	5120
641	5991
641	9433
641	10135
641	10494
641	10894
641	12059
641	12248
641	16012
641	16246
641	16426
641	18918
642	2024
642	2265
642	4576
642	5280
642	8644
642	10651
642	10667
642	11509
642	11711
642	12100
642	12295
642	12415
642	14667
642	14973
642	18075
643	1323
643	1584
643	3047
643	3111
643	4680
643	5760
643	6278
643	6606
643	8209
643	11197
643	13744
643	13941
643	16555
643	17401
643	19674
644	570
644	576
644	973
644	3990
644	4214
644	7189
644	8696
644	11950
644	13340
644	13384
644	13462
644	15622
644	16225
644	18023
644	18366
645	1114
645	1444
645	4418
645	7203
645	9082
645	10601
645	12135
645	14046
645	14143
645	14359
645	15582
645	19973
646	1867
646	3095
646	3380
646	6438
646	7228
646	8581
646	9162
646	9718
646	12413
646	13080
646	14492
646	18656
647	290
647	2104
647	2268
647	2990
647	5465
647	6062
647	6544
647	6762
647	6781
647	7995
647	9044
647	10583
647	10751
647	12911
648	18
648	2450
648	3733
648	4824
648	5249
648	6000
648	8566
648	9138
648	10301
648	15299
648	17861
648	17943
648	19328
648	19659
649	906
649	971
649	2410
649	4137
649	4489
649	8078
649	8730
649	10427
649	10762
649	10819
649	11275
649	12963
649	13592
649	13811
649	14352
649	15783
650	1292
650	2228
650	2377
650	3439
650	3579
650	4281
650	6867
650	9250
650	9618
650	11188
650	12491
650	13344
650	13507
651	2283
651	2341
651	4442
651	4833
651	6808
651	7400
651	8834
651	10496
651	11377
651	11385
651	13337
651	15447
651	17256
651	18054
651	18858
652	972
652	985
652	3372
652	4065
652	4344
652	5191
652	5242
652	8088
652	9927
652	10067
652	10915
652	11924
652	12416
652	12961
652	13892
652	14712
652	15251
652	16771
652	17493
653	126
653	2640
653	4484
653	6419
653	7309
653	9207
653	10221
653	10678
653	12882
653	13713
653	13935
653	15765
653	16191
653	19516
654	1510
654	3049
654	5596
654	7068
654	7316
654	8246
654	8395
654	8821
654	8851
654	9959
654	10465
654	13182
654	18699
654	18965
655	2565
655	2744
655	3404
655	6789
655	10719
655	11728
655	15196
655	15212
655	16454
655	16848
655	18174
655	18608
655	18627
656	2232
656	3053
656	3856
656	4404
656	5442
656	5454
656	8163
656	12357
656	15269
656	15552
656	16700
656	18132
656	19687
657	381
657	435
657	1676
657	3134
657	3708
657	5141
657	7612
657	10449
657	12747
657	17730
657	17744
657	19314
657	19800
658	1968
658	3518
658	6204
658	6865
658	9729
658	10128
658	11864
658	12370
658	14650
658	17332
658	17662
658	18057
658	18899
659	501
659	2110
659	5714
659	6439
659	7105
659	7342
659	9692
659	10838
659	13164
659	13824
659	18861
659	19230
660	1326
660	1575
660	3383
660	6568
660	7538
660	7657
660	7742
660	8514
660	9772
660	9913
660	10300
660	11102
660	13874
660	15079
660	17301
661	2127
661	2348
661	2621
661	4172
661	4504
661	4729
661	5152
661	9593
661	9992
661	10249
661	10666
661	13370
661	13689
661	15084
661	17346
661	17960
662	771
662	3193
662	5071
662	5168
662	7251
662	8133
662	8610
662	8866
662	9868
662	12401
662	15818
662	15902
662	16015
662	17770
662	17915
662	19382
663	2638
663	3462
663	4462
663	5176
663	7921
663	10903
663	11584
663	11858
663	12474
663	12928
663	15988
663	17608
663	17611
663	18099
664	1258
664	3675
664	4873
664	5831
664	7399
664	8372
664	10018
664	10407
664	12694
664	15168
664	15508
664	15919
664	17704
664	18296
665	1384
665	2301
665	3414
665	8196
665	8544
665	9200
665	10937
665	11403
665	11926
665	12151
665	13281
665	15707
665	18277
666	3140
666	4832
666	9009
666	9109
666	9513
666	10024
666	10229
666	12427
666	12593
666	13903
666	14477
666	15895
666	18756
666	19166
666	19217