0	1890
0	3110
0	5926
0	11511
0	14804
0	15602
0	18018
0	19377
1	2347
1	5556
1	5588
1	5620
1	7464
1	9498
1	11311
1	16453
1	18201
1	18971
2	964
2	2111
2	2260
2	4772
2	5490
2	5565
2	5745
2	12538
2	13314
2	13811
2	14993
3	3565
3	7085
3	9265
3	11110
3	11179
3	12690
3	13909
3	15945
3	17705
4	444
4	4652
4	5569
4	6950
4	7030
4	10796
4	13061
4	14078
4	16913
5	2082
5	2979
5	6212
5	6609
5	8051
5	10247
5	11096
5	13520
5	16315
5	17460
6	114
6	578
6	1272
6	3436
6	5364
6	7482
6	10121
6	14461
6	14541
6	18644
6	19606
7	7912
7	8538
7	9408
7	10445
7	11532
7	11658
7	13370
7	18149
7	19343
8	3715
8	7456
8	10317
8	12146
8	12421
8	14179
8	15027
8	17063
9	1827
9	2413
9	5760
9	9162
9	10164
9	10265
9	13309
9	14675
9	14876
9	19806
10	556
10	1040
10	2137
10	3317
10	8937
10	13297
10	14845
10	15597
10	16457
10	17797
10	19787
11	523
11	2072
11	4404
11	7791
11	12803
11	13320
12	1515
12	2551
12	3340
12	3992
12	4426
12	7619
12	10884
12	13906
12	14741
12	16341
12	19764
13	587
13	6133
13	9971
13	12813
13	12891
13	13029
13	16413
13	16483
13	16825
13	17370
13	17655
13	18705
14	2326
14	2475
14	2508
14	10603
14	10947
14	17917
14	19898
15	3954
15	5171
15	5573
15	5865
15	7584
15	7950
15	9025
15	12026
15	15680
15	18081
16	98
16	2160
16	3532
16	5985
16	8084
16	9546
16	10070
16	11304
16	19610
17	1791
17	4679
17	4873
17	5284
17	7018
17	12038
17	16089
17	17224
17	17868
17	17931
18	736
18	2921
18	3174
18	7879
18	11011
18	13484
18	17700
19	2431
19	6663
19	6785
19	8797
19	8988
19	10169
19	10834
19	11828
20	49
20	217
20	569
20	2830
20	3047
20	7806
20	8992
20	13566
20	14503
20	17032
20	19905
21	687
21	3155
21	7483
21	9480
21	12240
21	13512
21	15601
21	15856
21	16067
22	2883
22	3335
22	3777
22	7653
22	7830
22	7899
22	10235
22	10390
22	12226
23	1360
23	4946
23	6965
23	13140
23	16330
23	16475
24	789
24	1691
24	6170
24	7514
24	9014
24	9534
24	14802
24	16201
24	16256
25	325
25	711
25	4587
25	6595
25	8939
25	11377
25	15736
25	16396
25	17662
25	18632
26	895
26	6237
26	7650
26	10787
26	10808
26	14135
26	15838
26	19295
27	363
27	887
27	5643
27	5868
27	6389
27	9004
27	11038
27	15606
27	16159
27	17218
28	1528
28	2189
28	2533
28	4559
28	11346
28	14334
28	15289
28	17714
29	78
29	244
29	2623
29	6393
29	7149
29	8466
29	10496
29	13597
29	15371
30	1072
30	1634
30	1822
30	6749
30	7369
30	7747
30	8141
30	14553
30	18106
30	18405
30	18823
31	2053
31	2529
31	4543
31	4992
31	5210
31	6462
31	6851
31	9581
31	16653
31	18300
32	3440
32	5401
32	8536
32	9572
32	13802
32	15014
32	17081
32	18666
33	7609
33	8671
33	15576
33	15832
33	15919
33	16439
33	16957
33	17007
33	18841
34	3203
34	5924
34	8047
34	8238
34	11158
34	12491
34	12881
34	13359
34	17362
34	18225
35	2302
35	2782
35	9716
35	11270
35	11649
35	15275
35	15321
35	15954
35	17572
35	18855
35	19443
36	264
36	1630
36	1854
36	5389
36	11689
36	12953
36	14376
36	18024
36	18983
37	3941
37	4737
37	9023
37	9726
37	10411
37	13051
37	13513
37	13631
37	14390
37	17324
37	19214
38	3422
38	4948
38	5406
38	11356
38	11949
38	13101
38	15420
38	17932
38	18455
38	19312
39	3006
39	4570
39	5460
39	9879
39	10492
39	10718
39	16114
39	17895
39	18497
39	18825
40	1322
40	2315
40	4780
40	5508
40	8092
40	10201
40	11135
40	12216
40	13231
40	16388
40	18689
40	19941
41	5265
41	7365
41	8305
41	10384
41	11424
41	12880
41	12947
41	14120
41	17045
41	17387
42	2240
42	2586
42	5908
42	8173
42	8201
42	11034
42	11300
42	11516
42	16427
42	16636
42	16908
43	2198
43	4880
43	6958
43	8340
43	9775
43	9894
43	12399
43	15984
43	16781
44	5
44	1444
44	1772
44	3976
44	4314
44	4548
44	6039
44	10095
44	13366
44	13799
45	2021
45	4574
45	4796
45	9733
45	9784
45	11486
45	12825
45	14217
45	17843
45	18351
45	19471
46	492
46	782
46	2480
46	5289
46	7702
46	8689
46	10734
46	14810
46	15496
46	16528
46	18783
46	19763
47	1847
47	5583
47	6434
47	12935
47	16018
47	16152
47	18174
48	709
48	4310
48	4814
48	5049
48	8654
48	9750
48	10137
48	14516
48	19648
49	884
49	1617
49	1768
49	2017
49	3929
49	6731
49	8927
49	11857
49	14489
50	1446
50	6877
50	13535
50	13766
50	13820
50	14342
50	15812
50	16208
51	218
51	5304
51	6072
51	8221
51	9048
51	12099
51	14163
51	16973
51	17645
52	862
52	1445
52	2162
52	7700
52	13074
52	13216
52	13505
52	15952
52	17613
53	1466
53	2635
53	7633
53	7862
53	8476
53	9263
53	13890
53	15040
53	17345
53	19479
54	2956
54	5230
54	6366
54	6424
54	14929
54	16384
54	16929
54	17400
54	19955
55	3143
55	5116
55	6569
55	7957
55	8111
55	10755
55	10978
55	16275
56	3213
56	8737
56	15399
56	19569
57	1778
57	2138
57	6572
57	10376
57	10426
57	12020
57	17548
58	1739
58	4541
58	4838
58	5323
58	8515
58	14527
58	17340
58	18878
59	1195
59	2075
59	2827
59	3488
59	7078
59	9120
59	10365
59	17469
59	18729
60	4908
60	5679
60	7598
60	9073
60	10909
60	11042
60	11044
60	12144
60	12643
60	15332
61	497
61	2971
61	3437
61	4530
61	6459
61	7444
61	9481
61	11040
61	11543
61	11747
61	12598
61	18839
61	19491
61	19706
62	1985
62	3533
62	3948
62	7063
62	11943
62	14143
62	14580
62	16154
62	17328
62	18921
62	19026
63	469
63	4210
63	5594
63	5914
63	6467
63	8198
63	8889
63	10408
63	11834
63	17006
63	17657
64	0
64	2799
64	3073
64	8929
64	10238
64	11280
64	15963
64	16348
64	16596
64	16705
64	19320
65	1155
65	2410
65	2450
65	2655
65	2989
65	4021
65	4848
65	6009
65	6453
65	11972
65	13096
66	1314
66	1915
66	3390
66	3719
66	4153
66	4762
66	5719
66	6636
66	8054
66	11114
66	15896
66	17235
66	18746
67	276
67	340
67	8195
67	8286
67	8333
67	9237
67	13556
67	14150
67	15356
67	16462
67	17407
67	19417
67	19878
68	945
68	2467
68	4230
68	6979
68	7859
68	8323
68	9032
68	10062
68	13782
68	16227
69	1418
69	1463
69	8585
69	9582
69	11618
69	11783
69	13197
69	18606
69	19387
70	2074
70	2652
70	3677
70	4771
70	4978
70	5259
70	7132
70	8473
70	12732
70	13713
71	2823
71	4123
71	5051
71	13339
71	13694
71	15201
71	16610
71	18349
71	19413
71	19899
72	1033
72	1125
72	3225
72	5723
72	7048
72	8820
72	8912
72	13958
72	14227
72	15759
72	16030
72	17807
72	18902
72	19357
73	767
73	3351
73	4486
73	4671
73	7627
73	9662
73	10284
73	10836
73	11105
73	12501
73	13538
73	17192
74	384
74	2537
74	2605
74	5163
74	6260
74	7137
74	10928
74	11213
74	11619
74	11794
74	16558
75	251
75	2666
75	2934
75	3441
75	9512
75	13432
75	17050
75	18208
76	1733
76	2202
76	2905
76	4470
76	6539
76	12155
76	12318
76	12418
76	13163
77	1058
77	3615
77	5372
77	6844
77	7812
77	8787
77	10550
77	14172
77	14921
77	19679
78	1458
78	8076
78	10278
78	11539
78	19252
78	19765
79	299
79	1164
79	2319
79	4403
79	14103
79	14948
79	16641
79	19667
80	427
80	1732
80	2617
80	6021
80	11170
80	11198
80	12652
80	13349
80	15213
80	16768
81	1492
81	2505
81	3499
81	4825
81	9757
81	12621
81	16562
81	19627
81	19956
82	3754
82	6645
82	6840
82	7111
82	7454
82	9315
82	12846
82	16979
83	18
83	525
83	1614
83	1620
83	5635
83	8096
83	10686
83	12960
83	15929
83	19136
83	19519
84	915
84	1957
84	8857
84	10241
84	14900
84	19160
85	633
85	2535
85	3523
85	6705
85	8862
85	11654
85	11845
85	15869
86	3329
86	5216
86	7446
86	9089
86	11136
86	12039
86	12630
86	12724
86	14176
86	15987
86	16109
86	16995
86	18556
87	560
87	9168
87	10009
87	13224
87	13813
87	13865
87	14768
87	15627
87	15672
87	16759
87	17953
88	281
88	3252
88	5893
88	7447
88	8367
88	12751
88	16880
88	18968
89	3576
89	9711
89	10678
89	11332
89	13346
89	13844
89	14314
89	15975
89	16560
89	18410
90	267
90	647
90	3239
90	3662
90	3696
90	5680
90	6872
90	14319
90	18391
90	19783
91	1416
91	2656
91	5629
91	6890
91	9370
91	16644
91	17085
91	18518
91	19281
91	19482
92	1364
92	1474
92	4170
92	5151
92	7028
92	7573
92	11032
92	13282
92	14393
92	14798
92	17620
92	18254
93	2232
93	3625
93	6517
93	8457
93	12200
93	13614
93	17438
94	3004
94	3257
94	5128
94	5692
94	6941
94	7276
94	7358
94	9742
94	12619
95	4098
95	8739
95	8858
95	10303
95	10620
95	13081
95	14446
95	17611
96	1624
96	1913
96	2321
96	3594
96	7856
96	10098
96	11171
96	11607
96	13395
96	16164
96	16191
97	2089
97	2554
97	4668
97	6671
97	7742
97	12952
97	14748
97	19207
98	1961
98	3304
98	3617
98	4119
98	4786
98	4886
98	8301
98	11078
98	19267
99	4000
99	6311
99	6544
99	9416
99	16122
99	17312
100	59
100	613
100	2210
100	4047
100	5062
100	10975
100	11338
100	12877
100	15767
100	15864
100	17514
101	1534
101	9920
101	12400
101	13692
101	14651
101	16601
102	999
102	3263
102	3952
102	4360
102	6534
102	7409
102	8043
102	9159
102	14773
102	15670
102	16322
102	16408
103	61
103	2201
103	2502
103	10688
103	12570
103	13892
103	15937
103	18066
103	18364
103	18817
104	661
104	1501
104	7168
104	14092
104	14697
104	15503
104	17553
104	19410
105	1377
105	2474
105	2658
105	5399
105	9905
105	11294
105	11695
105	13304
105	13944
105	16620
105	16693
106	5287
106	7863
106	7926
106	9050
106	11412
106	15679
106	16526
107	5515
107	5634
107	9182
107	9323
107	10450
107	10672
107	11869
107	13042
107	13083
107	13390
107	14486
107	18026
108	2684
108	3861
108	4168
108	7241
108	9949
108	15758
108	17188
108	19609
109	303
109	646
109	1131
109	1333
109	3726
109	5864
109	11057
109	16402
109	17566
109	18267
110	272
110	1237
110	2386
110	3249
110	5205
110	9668
110	11165
110	13116
110	15207
110	16890
110	18319
111	4127
111	4929
111	5019
111	5120
111	5708
111	7881
111	9820
111	11666
111	11907
111	13257
111	15395
112	580
112	2015
112	8638
112	10329
112	13873
112	15364
112	19455
112	19520
112	19604
113	156
113	2874
113	3284
113	3529
113	6580
113	7236
113	9863
113	11919
113	12524
113	12755
113	14352
113	15217
114	2940
114	3041
114	4945
114	5308
114	10657
114	14816
114	16254
114	16271
114	17276
114	19268
115	2158
115	4732
115	5115
115	6251
115	7049
115	8920
115	9741
115	12656
115	18362
116	254
116	905
116	1296
116	1647
116	4397
116	4812
116	6692
116	8504
116	10123
116	11757
116	15352
116	17735
117	3796
117	4008
117	6255
117	11959
117	13718
117	14360
117	16066
117	16481
117	16898
117	17174
118	4151
118	4904
118	11746
118	13743
118	13788
119	1986
119	2405
119	4278
119	7338
119	8310
119	10025
119	13682
119	15094
119	18076
119	19434
120	3710
120	4692
120	6157
120	11123
120	13210
120	14032
120	15178
121	1008
121	2159
121	5468
121	7091
121	8244
121	11786
121	13324
121	13876
121	17516
122	1202
122	1405
122	1920
122	4634
122	14141
122	16923
122	17903
123	3091
123	9153
123	12186
123	13490
123	15170
123	17604
123	17670
123	17851
123	18085
124	1983
124	3013
124	5361
124	5722
124	9689
124	10888
124	14065
124	15239
124	19384
125	2538
125	2563
125	9710
125	10378
125	10385
125	13382
125	13884
125	14465
125	14772
125	17463
126	2809
126	5740
126	6879
126	6908
126	6916
126	9911
126	19682
127	3805
127	5860
127	11801
127	12840
127	15063
127	16001
127	19248
128	619
128	1963
128	4509
128	5256
128	6784
128	11580
128	13771
128	17584
128	18771
128	19981
129	625
129	753
129	1181
129	3168
129	5146
129	9255
129	9439
129	9444
129	9941
129	10506
129	17770
129	18218
129	18580
129	19550
129	19948
130	5200
130	9067
130	9360
130	9440
130	9568
130	10916
130	14468
130	14866
130	15556
130	17162
130	19100
130	19186
131	1604
131	4100
131	5793
131	5878
131	5930
131	7253
131	7626
131	7882
131	9053
132	1796
132	2130
132	2501
132	5960
132	7277
132	8964
132	19383
133	167
133	1565
133	4370
133	4443
133	4920
133	10659
133	16576
133	17991
134	2596
134	4711
134	7697
134	11145
134	11430
134	13746
134	13775
134	15116
134	15353
134	16143
134	19735
134	19909
135	380
135	1406
135	2817
135	4687
135	5137
135	8029
135	10482
136	6048
136	8115
136	9312
136	10158
136	10673
136	12368
136	16028
136	16791
136	17640
137	2854
137	3798
137	8420
137	8674
137	8977
137	17093
138	1952
138	5874
138	16061
138	16310
138	17408
138	18598
138	19967
139	2341
139	3605
139	3956
139	4229
139	5296
139	6405
139	9616
139	9791
139	11443
139	12866
139	17755
140	1510
140	1731
140	2706
140	4475
140	10075
140	10839
140	19603
141	2393
141	4531
141	10231
141	12360
141	15092
141	15925
141	17092
141	19638
142	586
142	960
142	1251
142	5905
142	10575
142	16882
142	17058
143	3593
143	6527
143	7682
143	10320
143	11064
143	11813
143	11881
143	13369
143	15903
144	4514
144	5545
144	5765
144	9814
144	10929
144	12194
144	12465
144	13377
144	13822
144	15747
144	18145
144	18860
144	18879
145	345
145	10228
145	14008
145	14327
145	15157
145	17325
145	18910
146	1725
146	11255
146	12752
146	12800
146	12914
146	13472
146	16175
146	18075
146	18581
147	2616
147	5043
147	5085
147	8275
147	10446
147	11886
147	12073
147	14424
147	18115
148	730
148	1574
148	2755
148	3417
148	9157
148	10223
148	11653
148	16036
148	18049
149	6653
149	8055
149	8584
149	9808
149	9847
149	11966
149	14184
149	14435
149	17307
149	17834
150	1651
150	1667
150	4558
150	5896
150	6461
150	7470
150	9403
150	10053
150	12856
150	18197
150	19540
151	2279
151	5015
151	7621
151	8778
151	10089
151	12468
151	14248
151	15109
151	18078
151	19658
152	6399
152	9544
152	10256
152	11622
152	14974
152	15665
152	17825
152	18600
153	145
153	288
153	796
153	4110
153	4261
153	4522
153	4644
153	5520
153	8154
153	13549
153	16104
153	16326
153	17380
153	18418
153	19102
154	1450
154	2572
154	3729
154	4765
154	6530
154	8644
154	9934
155	2441
155	3669
155	5467
155	5843
155	8854
155	9226
155	13996
155	14888
155	16907
156	1365
156	2528
156	6470
156	9826
156	11602
156	13696
156	14806
156	18562
156	18941
157	1030
157	6733
157	7117
157	7896
157	15301
157	16149
157	17268
158	5336
158	7852
158	8026
158	12547
158	13428
158	14906
158	15746
158	18794
158	18843
158	19633
159	314
159	2150
159	5102
159	5580
159	6833
159	9470
159	9706
159	10893
159	17948
160	2885
160	6936
160	10871
160	17520
160	17694
160	18488
160	19090
161	781
161	3376
161	6995
161	8228
161	8527
161	14264
161	18874
162	69
162	2069
162	3762
162	3927
162	4020
162	8541
162	8848
162	9935
162	14875
162	15233
162	15465
162	17069
163	4031
163	8722
163	13264
163	13399
163	15511
163	15782
164	66
164	1456
164	2602
164	5004
164	5117
164	6349
164	11018
164	11630
164	13464
164	14265
164	14671
165	1839
165	2924
165	4176
165	4709
165	6204
165	8984
165	9690
165	9736
165	13147
165	13252
165	14450
165	19797
166	1968
166	7492
166	11232
166	11788
166	13121
166	15777
166	15872
166	16283
166	16854
166	19323
167	1696
167	2339
167	8024
167	10276
167	10717
167	16309
167	16812
167	16966
167	17403
167	18928
168	31
168	196
168	440
168	3120
168	5931
168	8503
168	10617
168	12258
168	19738
169	1938
169	2456
169	2792
169	10161
169	12238
169	12627
169	13654
169	16359
169	17768
169	18110
170	1571
170	2001
170	2223
170	4306
170	5408
170	6265
170	9450
170	10487
170	11226
170	15142
170	15653
170	17800
171	715
171	10021
171	10757
171	12920
171	17395
171	17789
171	19134
172	1050
172	1558
172	6073
172	9954
172	12874
172	16155
172	18416
173	5921
173	6747
173	13719
173	16965
173	17271
173	17803
173	19869
174	1170
174	3704
174	5980
174	6641
174	6693
174	8563
174	10586
174	10781
174	11484
174	12826
174	15547
174	16911
175	1631
175	2429
175	8633
175	9175
175	11425
175	13261
175	14281
175	14994
175	18212
175	18375
175	18558
175	19238
175	19297
176	296
176	5529
176	5901
176	7040
176	7800
176	10512
176	13364
176	14278
176	15073
176	15561
176	17056
176	17795
177	943
177	5112
177	7170
177	9420
177	11440
177	16707
177	19578
177	19717
178	2242
178	2359
178	2556
178	3388
178	6027
178	7779
178	8203
178	9424
178	11302
178	13171
178	19808
179	4
179	1086
179	5525
179	6866
179	8217
179	8278
179	8574
179	11178
179	13263
179	14038
179	16790
179	17671
180	2722
180	2769
180	2957
180	7274
180	11259
180	12848
180	14662
180	14830
181	1857
181	2105
181	4743
181	7096
181	8199
181	12870
181	13057
181	15756
181	17888
181	19669
182	437
182	829
182	1819
182	4815
182	10054
182	10602
182	11872
182	19816
182	19882
183	280
183	4947
183	6158
183	9164
183	9979
183	11672
183	11859
183	12290
183	12531
183	13287
183	15545
183	18019
184	22
184	3348
184	3871
184	5657
184	5848
184	6696
184	7330
184	7938
184	9011
185	1408
185	1721
185	3096
185	7622
185	9994
185	12858
185	13781
185	14709
185	18134
185	19282
186	10
186	5811
186	5891
186	7556
186	11696
186	13635
186	13793
186	18331
186	19487
187	823
187	1157
187	4288
187	6550
187	6668
187	12446
187	13707
187	15174
187	16176
187	19741
188	2395
188	3288
188	4436
188	9198
188	9298
188	12908
188	13310
188	16106
189	783
189	2324
189	2867
189	14125
189	15649
189	17053
190	903
190	1397
190	8233
190	8485
190	9665
190	10055
190	10694
190	10887
190	11299
190	13753
191	2172
191	6269
191	7517
191	12576
191	16805
191	17214
191	19339
191	19547
192	766
192	1066
192	5509
192	7385
192	8829
192	9191
192	9284
192	11715
192	12548
192	14147
192	15359
192	16779
192	19566
193	2829
193	3181
193	3424
193	4040
193	5065
193	5248
193	5804
193	5999
193	8261
193	12459
193	12852
193	17411
194	1396
194	3555
194	3695
194	4839
194	8785
194	9722
194	12645
194	13294
194	14197
194	14283
194	14346
194	18516
195	405
195	4029
195	5927
195	7200
195	7767
195	12567
195	13681
195	14478
195	14647
195	17459
196	2835
196	5592
196	8040
196	9962
196	11830
196	13710
196	14984
196	17191
196	17822
196	18242
197	143
197	1511
197	1975
197	2613
197	5763
197	7978
197	8613
197	8936
197	9262
197	10148
197	15697
198	4285
198	6468
198	7604
198	9436
198	10514
198	15500
198	18853
199	494
199	688
199	1570
199	2678
199	4368
199	6091
199	9917
199	13927
199	16410
199	19975
200	1643
200	1716
200	2897
200	7528
200	7745
200	11000
200	12285
200	12296
200	14933
200	16456
200	16631
200	18764
201	3707
201	5206
201	5937
201	7379
201	8783
201	8792
201	13997
201	14222
201	16556
202	1842
202	6201
202	6385
202	7578
202	11421
202	11948
202	14613
202	15878
202	16654
202	17353
203	1107
203	2710
203	7535
203	7842
203	12384
203	12462
203	12580
203	13038
203	16169
203	19195
203	19559
204	2744
204	6240
204	6286
204	7009
204	10113
204	14581
204	15973
204	16371
204	17329
204	19389
204	19826
205	814
205	2521
205	2868
205	3339
205	4186
205	5432
205	7210
205	10109
205	10799
205	11520
205	14015
205	19805
206	292
206	855
206	1928
206	2295
206	3272
206	4406
206	6429
206	14252
206	16803
207	90
207	5056
207	5559
207	7945
207	8068
207	8398
207	11727
207	13118
207	14191
207	19982
208	3978
208	5077
208	5907
208	6064
208	12566
208	13240
208	14109
208	14456
208	16170
208	16915
208	17102
209	3206
209	6560
209	6871
209	6919
209	7516
209	13204
209	16782
209	17583
209	17968
209	18933
210	4201
210	4250
210	5018
210	11848
210	12241
210	12847
210	15456
210	16281
211	1320
211	2667
211	2976
211	4464
211	7285
211	7371
211	8909
211	14781
211	14908
211	14963
211	15110
211	18216
212	2123
212	3749
212	4954
212	6639
212	9287
212	10848
212	13796
212	14370
212	16783
212	17859
212	18204
212	18541
212	19456
213	3035
213	8483
213	8894
213	10202
213	14021
213	14614
214	1882
214	4131
214	4752
214	5772
214	7443
214	9627
214	14266
214	14289
214	15171
215	1569
215	4032
215	7614
215	12041
215	13561
215	13590
215	13925
215	14240
215	17654
215	19673
215	19686
216	1256
216	1495
216	1850
216	5452
216	8947
216	10750
216	12042
216	13053
216	13449
216	14076
216	14406
216	14910
217	362
217	1719
217	4044
217	4836
217	5884
217	13461
217	13988
217	17465
217	19836
218	197
218	1964
218	4701
218	6564
218	8168
218	9380
218	14641
218	15372
218	17443
219	1151
219	11765
219	12596
219	12843
219	13048
219	13239
219	14095
219	16119
220	30
220	5671
220	6538
220	7647
220	7778
220	8625
220	12447
220	14013
220	15718
220	17701
220	18292
220	19408
221	1303
221	1936
221	6017
221	6412
221	6458
221	9654
221	12260
221	14421
221	14925
221	18136
221	18660
222	2947
222	3318
222	4792
222	8979
222	10788
222	14303
222	14384
222	18777
222	19139
223	234
223	858
223	6531
223	9302
223	10302
223	14864
223	18013
223	19270
223	19279
223	19615
224	3900
224	7917
224	12642
224	12905
224	13435
224	14158
224	14882
224	16081
224	17569
225	1572
225	2929
225	4093
225	4283
225	5073
225	12493
225	18392
226	3214
226	4248
226	4442
226	4448
226	11370
226	15241
226	19908
227	1093
227	4163
227	5275
227	7271
227	9503
227	17760
228	3296
228	3955
228	4413
228	6011
228	8240
228	10034
228	10052
228	12561
228	15262
228	15790
229	7
229	1676
229	7428
229	8945
229	9283
229	9679
229	11491
229	11608
229	16237
229	16899
229	19399
230	414
230	2473
230	10821
230	12334
230	13623
230	13784
230	15071
230	16681
230	17736
230	19271
231	888
231	3379
231	5435
231	7235
231	8103
231	10453
231	12660
231	17383
231	18486
231	19654
232	1174
232	4689
232	4895
232	4919
232	5159
232	9945
232	13832
232	16020
232	18677
233	2357
233	6236
233	8991
233	9203
233	9884
233	12506
233	12590
233	17523
233	18308
233	18346
233	19848
234	3362
234	3673
234	7939
234	8738
234	9740
234	9914
234	11906
234	15024
234	16125
234	16554
234	18091
234	18435
234	19621
235	290
235	2301
235	3204
235	9986
235	10379
235	12409
235	12674
235	14496
235	16941
236	310
236	6298
236	7286
236	9202
236	10026
236	10684
236	11394
236	13129
236	15407
236	18584
236	19871
236	19936
237	3575
237	10515
237	11075
237	11371
237	11462
237	13488
237	15163
237	17967
237	19094
238	415
238	3649
238	4204
238	4627
238	5595
238	7769
238	7825
238	17452
239	194
239	4355
239	7723
239	8415
239	11364
239	13871
239	13878
239	16258
239	19032
240	4779
240	6529
240	7260
240	7730
240	9013
240	10267
240	11509
240	12129
240	12449
240	13259
240	17751
240	18884
241	1013
241	1870
241	2336
241	7748
241	8109
241	10314
241	11510
241	11679
241	13100
241	14677
241	19110
242	1122
242	1352
242	4128
242	5276
242	5375
242	6471
242	7432
242	13900
242	15314
242	16658
242	17947
242	18612
243	1584
243	3920
243	12018
243	13401
243	14211
243	14964
243	19636
243	19832
244	3248
244	4195
244	5867
244	5882
244	7434
244	11051
244	14720
244	14726
244	15863
244	17071
244	18015
244	18963
245	155
245	1605
245	1875
245	2763
245	2903
245	4365
245	5820
245	7346
245	11701
245	17190
245	19406
245	19747
246	531
246	757
246	3471
246	5704
246	6050
246	10193
246	12450
246	12527
246	14005
246	15084
246	17255
247	4490
247	6820
247	8914
247	12105
247	12763
247	17979
247	17995
247	18036
248	4907
248	4949
248	6719
248	7558
248	8369
248	12701
248	14940
248	15259
248	16970
248	17681
248	18207
249	4209
249	6870
249	8495
249	9327
249	11031
249	17368
249	19378
249	19431
250	132
250	2913
250	3067
250	3474
250	6745
250	10049
250	13778
250	14640
250	15203
250	17150
250	18422
251	2385
251	6976
251	7383
251	10629
251	12834
251	14231
251	14779
251	15366
251	15531
251	16353
251	18847
251	19860
252	5790
252	11079
252	13619
252	14886
252	16205
252	16697
252	16820
252	17321
252	19796
253	2363
253	4207
253	6432
253	8360
253	11867
253	16592
253	16963
253	18191
253	19147
253	19628
254	1491
254	4063
254	4801
254	5650
254	7891
254	8409
254	16060
254	17004
254	17016
254	18849
254	19073
254	19867
255	653
255	3618
255	5494
255	6098
255	13848
255	14070
255	16285
255	17730
255	19863
256	2106
256	3124
256	3863
256	5258
256	11522
256	19724
257	2588
257	5098
257	9560
257	11913
257	13017
257	16306
257	19916
258	7082
258	8634
258	10770
258	12178
258	13043
258	14422
258	16633
258	17104
259	150
259	3127
259	5518
259	9640
259	9999
259	12729
259	16297
259	17742
259	18620
260	1815
260	7251
260	8968
260	9577
260	11434
260	19856
261	3769
261	6831
261	8220
261	9151
261	14269
261	17924
261	18852
262	2412
262	6839
262	7103
262	7750
262	8150
262	11181
262	11873
262	14634
262	17489
262	17907
262	17988
263	187
263	515
263	1137
263	2916
263	2963
263	4146
263	8259
263	9057
263	11690
263	14292
263	17035
264	4108
264	5340
264	5954
264	6661
264	6780
264	8414
264	14916
264	18826
265	1227
265	2134
265	5111
265	6105
265	7090
265	11139
265	11442
265	13072
265	15248
265	15589
266	157
266	2025
266	4416
266	5549
266	6887
266	7152
266	7872
266	8372
266	11082
266	15330
266	17481
266	18403
267	5724
267	10163
267	10549
267	15533
267	16354
267	17151
267	17430
267	19612
267	19829
268	3484
268	6377
268	7039
268	12992
268	13212
268	13568
268	15421
269	3940
269	4418
269	5141
269	5349
269	6448
269	9862
269	10051
269	10362
269	14694
270	1147
270	1769
270	3730
270	5997
270	6213
270	12388
270	13127
270	13846
270	14304
270	17107
270	17581
271	7838
271	8433
271	9022
271	12788
271	15515
271	15791
272	58
272	1259
272	8406
272	10092
272	14730
272	14732
272	15742
272	16960
272	18053
272	18234
273	2881
273	6135
273	7515
273	7928
273	12773
273	16742
274	4803
274	5590
274	7484
274	8152
274	16047
274	18611
274	18659
275	743
275	2061
275	2972
275	5850
275	5956
275	6974
275	9570
275	13843
275	14883
275	17515
276	3258
276	12604
276	13327
276	14171
276	17500
276	17724
276	17781
277	1535
277	1779
277	5076
277	12324
277	12859
277	15969
277	16479
277	18576
277	19728
278	111
278	745
278	1414
278	2598
278	5776
278	8539
278	10539
278	13929
279	7644
279	8386
279	9785
279	10751
279	11379
279	12266
279	17344
279	17918
279	18959
279	18962
280	139
280	707
280	1225
280	1861
280	6186
280	8493
280	13922
280	15401
280	16591
280	18029
280	19775
281	966
281	2096
281	3852
281	6067
281	8881
281	10743
281	15141
281	15792
281	16449
281	18700
281	18897
282	1876
282	3654
282	5716
282	6946
282	7831
282	8019
282	10779
282	14500
282	17288
282	18046
282	18833
283	913
283	1685
283	8774
283	9895
283	10346
283	14144
283	15439
283	19222
284	2711
284	2758
284	3400
284	7992
284	8194
284	11398
284	11550
284	12860
284	13851
285	583
285	5449
285	10460
285	10468
285	15844
285	18054
286	3846
286	4536
286	6173
286	6486
286	7262
286	7944
286	11279
286	12262
286	14951
286	15907
286	16709
286	16830
286	17327
287	1425
287	3345
287	5512
287	6883
287	6953
287	7540
287	10986
287	12940
287	18807
287	18872
288	2008
288	5607
288	6752
288	7524
288	10306
288	12252
288	12962
288	16250
288	16319
288	17420
288	17474
289	6741
289	8108
289	9018
289	10349
289	13200
289	14023
289	14298
289	17881
289	18662
290	1085
290	2491
290	3070
290	4515
290	10739
290	10748
290	11367
290	16945
290	18965
291	216
291	889
291	4506
291	6931
291	11415
291	12511
291	12937
291	15639
291	17070
292	4677
292	6519
292	6649
292	7467
292	8700
292	9075
292	11745
292	13392
292	14305
292	18697
292	19332
293	441
293	725
293	1543
293	1805
293	2428
293	2628
293	7382
293	7412
293	10538
293	17871
293	17906
293	17944
294	1231
294	3510
294	3584
294	3924
294	6245
294	12169
294	15106
294	15205
294	15833
294	16887
294	17390
294	17483
294	17590
295	1233
295	1613
295	2296
295	4244
295	6116
295	7205
295	10364
295	11258
295	12777
295	13494
295	16118
295	16632
296	739
296	956
296	1045
296	1208
296	3489
296	4124
296	8686
296	12055
296	15390
296	16158
297	137
297	253
297	1126
297	1282
297	7176
297	9701
297	14481
297	17020
297	17155
297	17872
298	3727
298	4439
298	6261
298	7927
298	8510
298	9483
298	11368
298	12986
298	15251
298	18183
299	1836
299	3057
299	3895
299	3983
299	9643
299	11035
299	11328
299	12310
299	17767
299	19318
300	825
300	1176
300	2826
300	16555
300	17234
300	17350
301	702
301	1701
301	2776
301	6126
301	6270
301	15173
301	16323
302	2688
302	4764
302	8885
302	9136
302	12228
302	14062
302	19754
303	837
303	992
303	6276
303	7308
303	7979
303	8062
303	9803
303	11736
303	16997
303	18310
303	18739
304	2713
304	5879
304	9543
304	11663
304	11918
304	13166
304	17038
305	6499
305	8430
305	9931
305	12375
305	14132
305	14166
305	16866
305	19618
306	1550
306	4447
306	6447
306	7932
306	8841
306	11470
306	12332
306	14857
306	18628
307	1220
307	1270
307	2660
307	4004
307	5599
307	5872
307	7034
307	7323
307	9214
307	9831
307	10059
307	11826
307	18304
308	2027
308	3243
308	3844
308	7306
308	8036
308	8521
308	14164
308	14574
308	16248
308	16350
309	896
309	5385
309	7525
309	11537
309	14355
309	15678
309	16056
309	16626
310	3332
310	6681
310	7518
310	10107
310	14311
310	17418
310	19804
311	907
311	1506
311	2038
311	3034
311	3205
311	3962
311	9853
311	13379
312	2220
312	3856
312	4811
312	5366
312	6114
312	11353
312	15204
312	17672
312	18893
313	3072
313	4855
313	7167
313	8581
313	11054
313	19651
314	946
314	4905
314	5241
314	9206
314	11445
314	14138
314	18020
314	18982
314	19657
315	2625
315	4316
315	8618
315	9610
315	9976
315	9997
315	15732
315	18330
315	18758
316	2415
316	3413
316	6549
316	10194
316	13773
316	15391
316	16885
316	17179
316	19993
317	1071
317	14243
317	14691
317	15450
317	15972
317	16630
317	17040
317	18527
317	19245
318	760
318	3025
318	10640
318	11387
318	14321
318	15053
318	15291
318	16774
318	17663
318	18776
318	19962
319	589
319	2141
319	2812
319	4844
319	7916
319	8974
319	8987
319	9556
319	11418
319	12954
319	15156
319	17177
320	3208
320	6267
320	8436
320	11419
320	17529
320	18559
320	19148
321	807
321	2207
321	2358
321	3357
321	4254
321	6903
321	10815
321	12244
321	13946
321	19597
322	3076
322	5254
322	6147
322	7973
322	12137
322	14239
322	14290
322	15258
322	19790
322	19952
323	1681
323	3117
323	5699
323	6602
323	7094
323	7845
323	8204
323	12503
323	14398
323	15328
324	5041
324	9898
324	16740
324	18411
325	2146
325	2323
325	6326
325	6368
325	8166
325	8901
325	9896
325	13943
325	16608
325	17238
326	395
326	1916
326	5969
326	6756
326	7841
326	9514
326	12145
326	13236
326	15126
326	15641
326	16215
326	18213
326	18899
327	2978
327	3137
327	5815
327	6954
327	7240
327	9110
327	9176
327	9590
327	10046
327	11025
327	11682
327	19752
328	100
328	1088
328	7503
328	10413
328	10740
328	12094
328	16434
328	18454
328	18655
328	19132
329	904
329	7790
329	8721
329	9874
329	12336
329	12395
329	15560
329	19700
330	4850
330	6626
330	7579
330	8032
330	11628
330	13510
330	17351
330	17391
330	18621
330	18837
331	1566
331	3698
331	5749
331	7112
331	12971
331	13544
331	15232
332	73
332	255
332	4685
332	6035
332	7314
332	10270
332	12560
332	12899
332	13862
332	14415
332	17675
333	1745
333	4215
333	7147
333	12323
333	13361
333	14168
333	14521
333	14877
333	15273
333	16930
333	18732
333	19034
333	19786
334	671
334	2633
334	6700
334	7081
334	7234
334	9501
334	11751
334	11820
334	13764
334	15941
335	3118
335	3209
335	4109
335	6348
335	9468
335	10104
335	11521
335	13502
335	16128
335	17207
335	18458
336	1403
336	2851
336	6210
336	7907
336	15768
337	158
337	8270
337	10215
337	11261
337	11660
337	12113
337	14763
337	18289
338	2493
338	3016
338	3084
338	7086
338	8114
338	9009
338	18341
338	18955
338	19886
339	5676
339	6750
339	8533
339	12857
339	13385
339	15444
339	15865
339	16423
339	17047
339	19903
340	4067
340	6230
340	7083
340	10416
340	11422
340	12758
340	13634
340	14698
340	15974
341	4257
341	4524
341	6430
341	6712
341	6759
341	8735
341	9356
341	9515
341	10309
341	14587
341	15824
341	19827
342	1942
342	3316
342	3810
342	4816
342	8667
342	9209
342	11708
342	12481
342	17960
342	18090
343	2492
343	6216
343	9412
343	9475
343	10850
343	11027
343	11548
344	62
344	5189
344	6299
344	6689
344	8745
344	9478
344	9998
344	13700
344	14040
344	15940
344	16522
344	16703
344	19202
345	2962
345	4345
345	4819
345	5711
345	6070
345	6273
345	9309
345	14388
345	15931
345	16416
345	16629
345	18023
345	18772
346	591
346	2584
346	4648
346	6252
346	11994
346	13866
346	15802
346	17292
346	19429
346	19599
347	1782
347	3030
347	5305
347	7017
347	7970
347	13740
347	14692
347	19557
347	19748
348	2494
348	3841
348	3915
348	6806
348	9266
348	13010
348	14593
349	1912
349	2844
349	3202
349	9513
349	9555
349	16715
349	18499
350	215
350	726
350	2729
350	4885
350	7088
350	13752
350	13934
350	15502
350	15713
350	16724
351	3190
351	5174
351	6094
351	18253
351	18309
351	18784
352	3975
352	11148
352	12116
352	12595
352	18030
352	18430
352	18836
353	6342
353	7914
353	12045
353	13190
353	17845
353	18299
353	18322
353	18374
353	19974
354	1332
354	1977
354	3164
354	4665
354	5055
354	6612
354	6795
354	9452
354	15218
354	16247
354	17333
354	17974
355	426
355	455
355	3364
355	5689
355	11286
355	11822
355	14369
355	19216
356	7643
356	9585
356	9930
356	11795
356	13278
356	15469
356	19544
357	1106
357	4605
357	5570
357	6062
357	7959
357	9952
357	12502
357	14353
357	15763
357	17263
357	17393
357	19416
358	684
358	5268
358	5949
358	8390
358	10597
358	10956
358	12405
358	16938
358	17748
358	18547
358	19292
359	4117
359	10668
359	11352
359	12062
359	12638
359	12663
359	12964
359	13957
359	15603
359	18244
359	18519
359	19668
360	698
360	2283
360	4435
360	6227
360	11193
360	12371
360	13972
360	15037
360	17954
361	5109
361	7062
361	7125
361	9960
361	10995
361	13529
361	14670
361	16178
361	19024
362	130
362	3953
362	4738
362	5175
362	5753
362	7232
362	8502
362	16551
362	17780
362	17855
362	19306
363	1764
363	1997
363	3273
363	7695
363	8564
363	8703
363	9925
363	10835
363	11410
363	13015
363	16832
363	19551
364	1022
364	3577
364	3901
364	4708
364	6361
364	8370
364	16698
364	18034
364	18211
364	19211
365	928
365	3049
365	7394
365	11244
365	11709
365	12611
365	16744
365	16944
365	19600
365	19683
366	3103
366	3421
366	3732
366	8942
366	9697
366	10321
366	18097
367	1451
367	4246
367	4265
367	5718
367	7282
367	8272
367	11763
367	13363
367	15522
367	17422
368	2076
368	3612
368	5502
368	8843
368	12677
368	14654
368	14742
368	15717
369	4805
369	5405
369	7774
369	8619
369	10466
369	13270
369	14708
369	14891
370	1918
370	3950
370	5438
370	6390
370	6893
370	7133
370	7478
370	14232
370	15528
370	16177
370	16495
370	19461
371	1638
371	4745
371	5184
371	6628
371	7430
371	9409
371	11694
371	13995
371	17720
372	864
372	874
372	6168
372	10567
372	14165
372	15374
372	16797
372	18069
373	977
373	1100
373	5714
373	6156
373	8967
373	13268
373	13880
373	15134
374	3334
374	6441
374	7903
374	12354
374	14225
374	14831
374	16566
374	16676
374	17123
374	18347
374	18845
375	4513
375	4852
375	6505
375	12991
375	13646
375	14010
375	15127
375	19583
376	24
376	43
376	2681
376	3069
376	3989
376	7173
376	9857
376	12221
376	18599
376	18821
377	2748
377	5187
377	8145
377	8202
377	14502
377	15581
377	19464
378	289
378	853
378	867
378	1141
378	10689
378	11469
378	14020
378	17048
379	1415
379	1552
379	2911
379	9156
379	18851
380	1236
380	1531
380	2190
380	2510
380	4588
380	5821
380	12051
380	13014
380	16793
380	17784
380	18096
380	19891
381	1743
381	4824
381	5756
381	7935
381	8431
381	8706
381	9981
381	10145
381	11120
381	11877
381	13418
381	15117
381	16180
381	18313
382	1297
382	2290
382	3827
382	5025
382	5786
382	9135
382	9984
382	11083
382	11588
382	11740
382	13372
382	14656
382	16993
382	19802
383	6185
383	6716
383	8683
383	10439
383	13745
383	14236
383	15013
383	17864
383	18808
384	3245
384	3560
384	6154
384	10957
384	12442
384	15088
384	17759
384	18524
385	3714
385	7054
385	9124
385	10210
385	13964
385	17806
386	1102
386	4897
386	6858
386	7593
386	7955
386	8045
386	13335
386	13391
386	18608
387	19
387	744
387	1025
387	1784
387	7226
387	14822
387	14930
387	17087
387	17522
387	17732
388	4064
388	8559
388	9751
388	13105
388	14975
388	16617
388	18876
389	1556
389	1579
389	3867
389	6721
389	7110
389	13650
389	13840
389	14645
389	14901
390	4356
390	8200
390	8803
390	13112
390	13940
390	14528
390	15320
390	15780
390	19190
390	19287
391	1334
391	1481
391	5158
391	8734
391	13013
391	15826
391	17173
391	19004
392	522
392	1970
392	4446
392	5979
392	7904
392	9504
392	11251
392	12898
392	13588
392	14006
392	16083
392	18436
392	19611
393	3150
393	3333
393	5471
393	7304
393	8149
393	13093
393	15960
394	1054
394	1625
394	3078
394	3281
394	3938
394	7450
394	7526
394	19209
395	8185
395	11208
395	11960
395	16412
395	17925
396	564
396	831
396	2292
396	2928
396	3055
396	3269
396	11965
396	16357
396	17077
396	18427
396	18730
397	1090
397	2333
397	8680
397	9093
397	9269
397	9522
397	11453
397	17990
398	4804
398	6289
398	6729
398	11683
398	12420
398	14739
398	16868
398	16896
398	16903
398	17256
399	5008
399	6375
399	12021
399	12268
399	12289
399	13351
399	14989
399	15212
399	16756
399	17062
399	17141
399	18247
400	2143
400	3022
400	3538
400	6329
400	13605
400	15557
400	16842
401	3377
401	6578
401	7045
401	13128
401	16198
401	17156
402	3838
402	6584
402	7571
402	11289
402	12659
402	13598
402	15238
402	19911
403	2389
403	3170
403	3352
403	5566
403	6140
403	8079
403	8356
403	8560
403	9399
403	9510
403	11722
403	16795
403	17426
403	19718
404	3894
404	4309
404	7400
404	9160
404	10609
404	12492
404	14762
404	17608
404	18166
405	3131
405	6160
405	7015
405	7873
405	8578
405	14091
405	14548
405	18077
406	622
406	1500
406	4589
406	5523
406	5562
406	7693
406	8438
406	15216
406	17261
406	18710
406	19988
407	1448
407	2161
407	4495
407	6032
407	6076
407	7162
407	7386
407	7934
407	9983
407	10811
407	13402
407	14126
407	14466
408	536
408	1048
408	6372
408	10436
408	19035
408	19963
409	3043
409	3580
409	7542
409	9352
409	9664
409	10806
409	13468
409	14017
409	14115
410	1602
410	2951
410	4312
410	6030
410	7183
410	9066
410	9373
410	9605
410	12485
410	19788
411	51
411	1239
411	3945
411	4809
411	6797
411	12728
411	13362
411	13685
411	15096
411	15978
411	17929
412	2003
412	5975
412	6262
412	6763
412	13398
412	13524
412	17180
412	17639
412	19947
413	1974
413	2833
413	5057
413	12100
413	12174
413	12199
413	19530
414	95
414	519
414	835
414	2034
414	3373
414	7172
414	13895
414	16888
414	16939
415	2167
415	2177
415	5123
415	7074
415	15917
415	17537
416	670
416	3684
416	5649
416	6487
416	7208
416	10126
416	13027
416	18474
417	1049
417	3267
417	7417
417	12245
417	14711
417	15337
417	15446
417	19629
418	600
418	1052
418	8179
418	8492
418	10801
418	16316
419	558
419	2265
419	6801
419	10318
419	10569
419	11876
419	15721
419	15904
419	19561
420	2174
420	5995
420	13380
420	14433
420	14570
420	14764
420	18363
421	3083
421	6355
421	6906
421	8042
421	11216
421	15397
421	15710
421	17779
422	717
422	4071
422	7396
422	7814
422	8427
422	11584
422	14514
422	14707
422	18461
423	430
423	1720
423	4330
423	5459
423	7280
423	7751
423	11228
423	16327
423	16336
423	18061
424	974
424	3462
424	3772
424	4081
424	4259
424	4394
424	11405
424	12549
424	15355
424	16317
424	17233
425	1409
425	1863
425	3579
425	7258
425	7743
425	11166
425	11477
425	13189
425	17682
425	17808
426	3039
426	4107
426	10736
426	12106
426	12623
426	13213
426	15179
426	15880
426	19116
427	5280
427	5976
427	6742
427	7402
427	11375
427	15912
428	5294
428	5663
428	7355
428	8954
428	9819
428	10448
428	15229
428	15850
428	15995
428	16239
429	2879
429	3053
429	5455
429	8550
429	11761
429	13262
429	13515
430	1991
430	3923
430	4892
430	7026
430	7699
430	10905
430	11308
430	16097
430	17827
430	19616
431	459
431	950
431	6925
431	7047
431	9205
431	10391
431	10456
431	11674
431	15184
432	3980
432	5379
432	6403
432	9258
432	10712
432	10719
432	10985
432	14630
432	16902
433	404
433	1953
433	2284
433	4104
433	5400
433	6308
433	7499
433	7854
433	9133
433	10146
433	11851
433	14710
434	4482
434	5601
434	10472
434	12208
434	12255
434	13567
434	15223
434	18631
435	154
435	3676
435	4461
435	5419
435	10876
435	12235
435	14193
435	17593
435	17971
435	18656
436	636
436	5386
436	6214
436	6901
436	8877
436	12792
437	5702
437	6829
437	10509
437	11329
437	12417
437	14183
437	15404
437	15480
437	17484
438	357
438	5517
438	7555
438	9753
438	11012
438	15147
438	15658
438	17013
438	17580
439	771
439	1243
439	3232
439	6306
439	14985
439	18376
439	19879
440	1280
440	2199
440	2482
440	3180
440	3591
440	3814
440	7637
440	8468
440	15646
440	16859
441	614
441	1803
441	6655
441	7651
441	7694
441	9328
441	9466
441	12521
441	14122
441	15343
441	19336
442	1439
442	1846
442	2876
442	6296
442	18063
442	18856
442	19223
442	19236
442	19776
443	14213
443	14293
443	14782
443	15632
443	16303
443	16514
443	17369
443	17665
443	18196
443	19785
444	750
444	2522
444	5943
444	7182
444	11001
444	11128
444	15750
444	16382
444	17118
445	3344
445	4291
445	6130
445	7724
445	8555
445	13141
445	16588
445	16651
445	18366
445	19126
446	1144
446	3367
446	4372
446	5277
446	6414
446	14397
446	14583
446	18927
447	248
447	449
447	1204
447	7033
447	12054
447	12938
447	14207
447	14738
447	15038
447	17386
447	19091
447	19847
448	3325
448	7100
448	7388
448	8746
448	13516
448	18721
448	19614
448	19647
449	526
449	7272
449	7595
449	7784
449	9194
449	9211
449	9767
449	11359
449	14136
449	14205
449	14706
449	15414
450	2330
450	6788
450	8316
450	9001
450	13739
450	14178
450	17587
450	18100
451	1726
451	3988
451	5144
451	6781
451	12436
451	16112
451	17577
451	18911
452	3270
452	3324
452	5593
452	9903
452	16920
452	17733
452	19592
453	3973
453	8882
453	10142
453	14463
453	15119
453	17282
453	17941
453	18840
453	18942
454	428
454	2488
454	2611
454	6755
454	9811
454	10726
454	12750
454	17398
455	5106
455	6565
455	8335
455	9078
455	10523
455	11080
455	14190
455	14655
455	15803
455	18468
456	112
456	1366
456	6281
456	7631
456	8668
456	9375
456	10330
456	11899
456	14084
456	14596
456	16090
456	16372
456	18532
457	968
457	3426
457	5842
457	6294
457	14060
457	16429
457	19176
458	3778
458	4550
458	6961
458	7472
458	7680
458	7888
458	7987
458	9459
458	12779
458	12995
458	13403
458	15519
458	15630
459	1473
459	4933
459	5234
459	6848
459	7021
459	9772
459	12127
459	12248
459	13666
459	13668
459	14066
459	15246
459	15612
459	19438
460	9017
460	9034
460	14175
460	14221
460	14296
460	15016
461	669
461	1370
461	3327
461	3891
461	8219
461	9597
461	10340
461	13280
461	16682
462	1644
462	2606
462	3921
462	6687
462	7222
462	8834
462	11283
462	11858
462	15132
462	16917
462	17161
462	17678
463	1684
463	2945
463	3042
463	3641
463	4378
463	10581
463	14890
463	15082
463	18477
463	19079
464	729
464	2155
464	2547
464	4216
464	6446
464	8443
464	16583
464	17181
464	19436
465	1003
465	1973
465	2520
465	2696
465	4875
465	6161
465	8472
465	9897
465	10900
465	12923
465	17690
465	17792
466	2020
466	7687
466	9333
466	10919
466	16190
466	18360
467	1497
467	1771
467	5885
467	10918
467	16147
467	16351
467	18158
467	19418
468	1372
468	3171
468	4305
468	4469
468	4845
468	7001
468	7476
468	9180
468	9792
468	13030
468	13665
468	14969
468	16567
469	2969
469	5948
469	7712
469	8985
469	16332
470	1577
470	3543
470	7178
470	7860
470	11339
470	11775
470	12981
470	14333
470	17336
470	18238
471	1996
471	6507
471	10490
471	11489
471	11576
471	13119
471	13850
471	13979
471	14374
471	16102
471	17338
472	468
472	827
472	847
472	1665
472	3040
472	5510
472	7193
472	13759
472	16650
473	2787
473	2869
473	4145
473	4287
473	5047
473	12344
473	13209
473	15249
473	16076
473	16088
473	16379
473	17551
474	5082
474	5147
474	11558
474	12189
474	14083
474	15104
474	16991
474	17442
474	17771
474	18956
474	19181
474	19432
475	1923
475	2419
475	3191
475	3380
475	3465
475	6558
475	6900
475	17215
475	19656
476	1191
476	1211
476	1307
476	5492
476	8586
476	8795
476	9257
476	11636
476	12122
476	14449
477	1564
477	1770
477	5417
477	7171
477	8582
477	8831
477	8997
477	14458
477	15153
477	19036
477	19382
478	797
478	13220
478	15957
478	18368
478	19873
479	609
479	803
479	1887
479	6351
479	7270
479	8552
479	9008
479	9519
479	12544
479	15138
479	15365
480	259
480	379
480	2832
480	8591
480	10593
480	15542
480	17082
480	17783
480	19107
481	2882
481	8953
481	10110
481	11897
481	14328
481	16489
481	18988
481	19184
482	4350
482	4791
482	10352
482	15002
482	16750
482	17262
482	17810
482	18538
482	18684
482	18925
483	1460
483	2238
483	5644
483	6041
483	9899
483	12063
483	12562
483	12705
483	14275
483	14642
483	17908
484	2118
484	3009
484	3982
484	5755
484	6169
484	6344
484	8363
484	8799
484	12742
484	12903
484	13069
484	15483
485	2165
485	3294
485	8467
485	11720
485	12504
485	13991
485	16838
485	17025
485	18961
486	4226
486	5121
486	9177
486	11077
486	16039
486	16321
486	17641
486	18827
486	19375
487	390
487	539
487	3694
487	3703
487	8952
487	10822
487	14939
487	16041
488	852
488	2294
488	5637
488	7692
488	9377
488	10170
488	10369
488	11677
488	12897
488	18102
489	1703
489	2094
489	2496
489	5035
489	5165
489	8424
489	9904
489	10394
489	10447
489	13256
489	18266
489	18987
490	708
490	882
490	2756
490	3743
490	4415
490	4519
490	6404
490	9138
490	9578
490	13780
490	19448
491	590
491	843
491	8869
491	11591
491	15076
492	1594
492	8957
492	9457
492	9815
492	9938
492	10057
492	13374
492	13592
492	17550
493	2446
493	4045
493	4516
493	10968
493	12060
493	13774
493	18311
494	650
494	1407
494	1428
494	3015
494	7645
494	9688
494	10643
494	14338
494	14736
495	712
495	3024
495	5403
495	7737
495	8649
495	8908
495	11758
495	14100
495	15065
496	808
496	2877
496	4969
496	6435
496	6732
496	8385
496	9728
497	23
497	723
497	5198
497	10269
497	10508
497	12325
497	13483
497	13858
497	14716
497	17317
497	18132
497	19571
498	446
498	1499
498	4554
498	5348
498	5527
498	12734
498	19040
499	1897
499	2578
499	2649
499	3639
499	7436
499	8133
499	8879
499	15056
499	16033
499	17019
499	18055
499	18652
499	19344
500	1
500	875
500	1786
500	2033
500	2037
500	3960
500	5404
500	6662
500	14534
500	15510
501	4373
501	4604
501	4607
501	5040
501	5267
501	5698
501	7269
501	10296
501	14354
501	19352
502	1304
502	3177
502	5295
502	6144
502	9406
502	10257
502	11275
502	17165
503	4546
503	5152
503	11784
503	12140
503	12939
503	13725
503	17873
503	19049
503	19097
504	1363
504	2654
504	2665
504	3720
504	7391
504	9105
504	9233
504	11400
504	15243
505	443
505	967
505	3595
505	5182
505	8232
505	10212
505	12341
505	13007
505	18259
505	19897
506	826
506	1673
506	2500
506	3066
506	8075
506	9020
506	9115
506	11592
506	11833
506	13786
506	14063
506	15257
506	18714
506	19425
507	610
507	2014
507	4468
507	5618
507	7718
507	9043
507	10293
507	12087
507	15335
507	19560
508	4925
508	5810
508	9788
508	12610
508	12664
508	18003
508	18334
509	573
509	3902
509	4823
509	9322
509	10017
509	10608
509	10744
509	12440
509	12737
509	13433
509	16411
509	16521
509	19359
510	273
510	1430
510	5493
510	6672
510	7185
510	13651
510	14490
510	17310
510	18744
511	2
511	1455
511	2642
511	2944
511	3358
511	3946
511	6511
511	7435
511	7544
511	10209
511	12606
511	16014
511	18187
512	4161
512	6411
512	8754
512	11540
512	18048
512	19454
512	19755
513	1168
513	2356
513	3870
513	5603
513	6145
513	6859
513	7181
513	7212
513	9547
513	16801
513	19007
514	4351
514	4818
514	13318
514	15265
514	16787
514	17867
514	18945
514	19243
515	994
515	5201
515	7268
515	8846
515	9723
515	13062
515	13145
515	14031
515	17501
515	18820
516	551
516	1622
516	2343
516	3290
516	3642
516	3661
516	5669
516	7449
516	10667
516	13413
517	1654
517	3757
517	5751
517	9950
517	10191
517	12926
517	13113
517	13576
517	13724
517	15842
517	17829
518	2148
518	2169
518	4909
518	5857
518	11454
518	13950
518	14256
518	15578
518	17216
518	19810
519	1294
519	3121
519	5605
519	8392
519	9891
519	10898
519	12784
519	13565
519	16182
520	1321
520	1869
520	4847
520	7071
520	11022
520	14958
520	16093
520	16228
520	16520
520	17220
520	17837
521	2382
521	8471
521	8663
521	9861
521	10827
521	13550
521	14018
521	14767
521	15058
521	15755
521	18406
521	18859
522	3912
522	6537
522	6996
522	11061
522	16038
522	16879
522	19585
523	1349
523	2815
523	5542
523	6725
523	7493
523	7566
524	1182
524	3604
524	5246
524	9454
524	10563
524	13762
524	17594
524	19516
525	1706
525	2759
525	5743
525	7567
525	7972
525	13167
525	15083
526	1628
526	9919
526	10273
526	11397
526	12369
526	12537
527	171
527	811
527	2484
527	3378
527	3629
527	4599
527	5568
527	11669
527	13174
527	17852
527	18389
527	19158
528	1597
528	3409
528	5900
528	6074
528	6552
528	16373
528	17894
528	18325
528	19649
529	282
529	759
529	1101
529	1748
529	6948
529	7057
529	7969
529	8822
529	9225
529	9855
529	12280
529	14544
529	17454
530	3064
530	5321
530	8375
530	8376
530	10012
530	18092
531	4952
531	7120
531	7679
531	9345
531	9518
531	11737
531	13233
531	14142
531	14880
531	15636
531	17376
531	18726
532	228
532	7058
532	9798
532	10173
532	12615
532	18991
533	1689
533	7985
533	14325
533	15970
533	18365
533	19059
533	19712
533	19964
534	269
534	1042
534	1378
534	6999
534	11735
534	12512
534	16575
534	17703
534	17821
535	552
535	1794
535	1830
535	2836
535	3086
535	8410
535	12254
535	12916
535	14549
535	15853
535	16174
535	16365
535	17686
536	597
536	3391
536	4931
536	5710
536	5795
536	9476
536	16953
536	17358
537	6042
537	7874
537	8798
537	9030
537	10377
537	14047
537	15102
537	16657
537	17163
538	270
538	2373
538	3918
538	4567
538	7290
538	15926
538	16679
538	19961
539	3233
539	5330
539	5915
539	6111
539	6336
539	10363
539	13841
539	13911
539	14796
539	19674
540	1443
540	2443
540	2811
540	3557
540	4183
540	5212
540	18880
540	19345
541	1399
541	2862
541	3382
541	5215
541	7532
541	11446
541	13082
541	19111
541	19537
542	5262
542	5346
542	6340
542	6715
542	10559
542	10828
542	11028
542	11409
542	12472
542	18399
543	565
543	3419
543	3836
543	6148
543	11721
543	12599
543	13003
543	13331
543	13849
543	16886
544	1648
544	3230
544	3999
544	13632
544	14609
544	15783
544	18996
545	323
545	3032
545	4077
545	4616
545	9193
545	10648
545	14279
545	15194
545	16192
545	16808
545	17157
545	18111
545	18709
546	1158
546	6962
546	8155
546	8875
546	10295
546	17725
547	183
547	1641
547	4242
547	4872
547	4943
547	5238
547	8279
547	11154
547	13763
547	19163
547	19354
548	2092
548	4417
548	4985
548	9508
548	9657
548	10383
548	10639
548	13084
548	14377
548	16773
548	18445
549	731
549	6187
549	6666
549	12147
549	15240
550	1600
550	1867
550	5299
550	8172
550	11728
550	14878
550	18122
551	4518
551	5107
551	8214
551	10147
551	10829
551	13994
551	14493
551	15193
551	17073
551	17120
551	18188
552	693
552	800
552	2331
552	2541
552	2659
552	2859
552	3432
552	4483
552	6097
552	8317
552	13108
552	15140
552	17152
552	18369
553	1944
553	2372
553	6409
553	7431
553	8282
553	8326
553	9936
553	10312
553	11942
553	14230
553	15845
553	16723
553	17712
553	18307
553	18888
554	2773
554	3630
554	3914
554	6249
554	7215
554	7229
554	9307
554	9867
554	10735
554	11048
554	14133
554	14615
555	848
555	1232
555	2566
555	5574
555	6665
555	11238
555	12835
555	13235
555	15177
555	17413
555	17575
556	1063
556	2188
556	3558
556	5903
556	15580
556	15605
556	17813
556	19204
557	2281
557	2466
557	5800
557	6305
557	7393
557	10115
557	14320
557	14934
557	15943
557	16621
558	471
558	727
558	1650
558	2907
558	5673
558	6723
558	7961
558	9614
558	12998
558	13901
558	15415
558	16308
559	1589
559	1878
559	7496
559	8867
559	9817
559	12454
559	12845
559	13523
559	15260
559	16883
560	1180
560	1951
560	3587
560	4491
560	12589
560	13274
560	15645
560	16007
560	19260
561	76
561	1205
561	4072
561	9887
561	11554
561	13254
561	15026
561	15882
562	953
562	2610
562	2917
562	9957
562	12922
562	13574
562	15737
562	17658
563	113
563	1477
563	3320
563	5968
563	9292
563	11188
563	11552
563	11773
563	18719
564	4388
564	7294
564	9051
564	10619
564	14848
564	15846
564	16684
564	19029
564	19473
565	916
565	2507
565	3405
565	3797
565	5168
565	9913
565	11645
565	11732
565	12391
565	14438
565	16844
566	1578
566	2889
566	5192
566	7175
566	12712
566	15124
566	16502
566	19080
567	5660
567	7666
567	8604
567	8940
567	9491
567	10809
567	11530
567	13777
567	14600
568	451
568	995
568	4571
568	7067
568	7372
568	12731
568	14761
568	14795
568	17961
568	18809
569	1931
569	5052
569	5550
569	6343
569	8342
569	11633
569	11643
569	12217
569	13378
569	14149
569	16084
569	16548
569	19118
570	4980
570	6428
570	7981
570	10225
570	11386
570	14623
570	15458
570	16729
570	17983
570	19210
571	2125
571	2721
571	4717
571	5278
571	5935
571	11385
571	12069
571	14375
571	15331
571	16051
571	18067
571	18412
572	14
572	628
572	3647
572	6927
572	10389
572	11146
572	19012
572	19807
573	2618
573	3832
573	5260
573	7332
573	9738
573	11002
573	11333
573	13582
573	14011
573	17787
573	18433
574	37
574	349
574	3656
574	4066
574	4663
574	5362
574	5416
574	8489
574	13450
574	15725
574	15734
574	17148
574	17343
575	274
575	2012
575	5000
575	6052
575	7296
575	13068
575	16085
575	17462
575	19115
575	19506
576	474
576	547
576	996
576	2995
576	5078
576	10886
576	15313
577	507
577	1894
577	3246
577	8776
577	9064
577	9290
577	13648
577	14681
577	16748
577	19973
578	172
578	680
578	1660
578	3500
578	5470
578	6134
578	9739
578	11574
578	12470
578	12736
578	15226
578	17667
579	776
579	1872
579	3517
579	5063
579	6332
579	8130
579	9047
579	10032
579	10204
579	13836
579	16680
579	19523
580	5202
580	6036
580	8364
580	8421
580	12895
580	17115
580	19154
580	19335
580	19553
580	19922
581	623
581	1522
581	2068
581	8579
581	8769
581	10747
581	11827
581	15268
581	19106
581	19227
582	897
582	2168
582	3804
582	6590
582	7025
582	7564
582	11800
582	14210
582	17534
582	18352
583	955
583	1785
583	2750
583	4868
583	6364
583	8660
583	10224
583	11501
583	11878
583	13447
583	13721
583	19868
584	1007
584	4484
584	5974
584	6484
584	6736
584	8329
584	10666
584	12453
584	12869
584	18503
585	1018
585	3469
585	7139
585	11241
585	11556
585	11990
585	13476
585	13482
585	14107
585	15464
585	16096
585	19445
585	19507
586	185
586	1640
586	1664
586	4002
586	7707
586	10421
586	11551
586	12139
586	14238
586	14447
587	4142
587	5220
587	6334
587	9565
587	12103
587	12263
587	14899
587	15490
587	17065
587	17221
588	3282
588	3783
588	4101
588	7368
588	11595
588	12236
588	12273
588	17930
588	18757
588	19733
588	19923
589	4301
589	4942
589	7278
589	8148
589	8169
589	9405
589	11017
589	11957
589	14394
589	17959
589	18924
590	178
590	5936
590	6206
590	10255
590	11071
590	12837
590	13021
590	13956
590	15032
590	16895
590	16958
591	89
591	268
591	1509
591	6103
591	7116
591	16431
591	18306
592	728
592	3005
592	4319
592	5412
592	6792
592	8060
592	8241
592	9208
592	9402
592	10043
592	13229
592	13272
592	13679
592	15673
592	17240
593	7629
593	10967
593	11587
593	16969
594	3621
594	10078
594	11184
594	11515
594	12565
594	13251
594	13939
594	15666
594	15852
594	18108
594	19289
594	19356
595	1806
595	3831
595	5148
595	5341
595	6945
595	9281
595	9800
595	10042
595	11946
595	17286
596	975
596	6359
596	8325
596	8669
596	9397
596	12151
596	14444
597	461
597	1896
597	2311
597	4670
597	6449
597	6798
597	7158
597	7966
597	9092
597	16131
597	16613
597	18699
598	6583
598	7129
598	7952
598	10313
598	10578
598	13023
598	16406
599	3668
599	5320
599	5447
599	7762
599	8034
599	11361
599	12009
599	13165
599	14460
599	17842
600	4013
600	5989
600	9659
600	11210
600	15085
600	17311
600	18118
600	19643
600	19887
601	1831
601	2738
601	4324
601	5767
601	6536
601	9086
601	13011
601	14339
601	17788
601	18383
601	19122
602	261
602	409
602	2807
602	8646
602	14498
602	14973
603	510
603	1078
603	1219
603	1971
603	6433
603	9732
603	11235
603	15231
603	15438
603	16813
604	454
604	4459
604	9912
604	11449
604	14485
604	15776
604	15800
604	18004
604	18440
605	1632
605	3256
605	3502
605	3866
605	8623
605	9554
605	9694
605	11806
605	13835
605	17299
606	3683
606	5791
606	8544
606	16249
606	16498
606	17026
606	19680
607	1077
607	2303
607	2427
607	6830
607	10108
607	12772
607	15101
607	15242
607	16690
607	19768
608	2716
608	5185
608	5933
608	8143
608	9371
608	11081
608	16045
608	17296
608	18318
608	18755
608	19758
609	7357
609	9959
609	13091
609	13187
609	18635
609	19232
609	19247
610	1223
610	10412
610	10596
610	13856
610	17989
610	19052
611	3021
611	3146
611	5094
611	5103
611	6918
611	8512
611	9192
611	13730
611	14718
611	16000
612	2743
612	4441
612	7411
612	9575
612	10551
612	10921
612	11162
612	13214
612	18276
612	19545
613	2630
613	4396
613	6287
613	6575
613	7909
613	10706
613	11523
613	16599
614	4756
614	4842
614	10647
614	11496
614	15440
614	16195
614	17609
615	585
615	1442
615	2558
615	5021
615	5334
615	5621
615	6167
615	8005
615	11614
615	14501
615	16253
615	16343
615	18958
615	19450
615	19958
616	690
616	1851
616	3443
616	4629
616	5766
616	17602
616	18227
616	18779
617	400
617	4585
617	7374
617	10892
617	10972
617	11456
617	11517
617	15571
617	16688
617	17802
617	19166
618	1104
618	1835
618	7065
618	9564
618	9761
618	10993
618	11373
618	11809
618	12415
618	12698
618	12862
618	14604
618	17507
619	2064
619	3880
619	4179
619	7495
619	8711
619	12131
619	12735
619	19726
620	1666
620	3148
620	5110
620	6603
620	6664
620	7109
620	8422
620	9608
620	12300
620	15491
620	16212
620	16954
620	18131
621	10511
621	11197
621	12104
621	13496
621	14009
621	14976
621	16839
621	18610
621	19009
622	1160
622	2205
622	2453
622	4353
622	4480
622	14729
622	14832
622	15033
622	17943
622	18613
622	19191
623	7248
623	12048
623	12875
623	12909
623	14807
623	17985
623	18733
624	2747
624	3671
624	6222
624	6841
624	8208
624	9699
624	15432
624	16815
625	926
625	1807
625	10001
625	15538
625	16849
625	17857
625	18200
625	19512
625	19894
626	3874
626	4294
626	8990
626	11237
626	14220
626	15176
626	18585
626	19237
626	19242
627	6498
627	6629
627	7327
627	7377
627	7463
627	10473
627	10926
627	12708
627	13633
627	13658
627	15443
628	7736
628	9540
628	9594
628	10440
628	11118
628	12304
628	19580
629	1881
629	2648
629	3893
629	7188
629	8037
629	9825
629	16003
629	18089
629	18328
630	1545
630	3266
630	4785
630	8696
630	8981
630	10301
630	14628
631	445
631	4444
631	6277
631	7505
631	15049
631	15346
631	15733
631	18419
631	19402
632	685
632	935
632	3051
632	3681
632	6699
632	7410
632	12002
632	12120
632	12281
632	16667
632	18797
632	19505
633	951
633	3220
633	5501
633	6540
633	7004
633	10778
633	11631
633	13810
633	14837
633	18400
633	18775
633	19108
634	7520
634	10218
634	11435
634	11808
634	19395
635	1009
635	1903
635	3787
635	5513
635	8378
635	9604
635	10237
635	10484
635	10525
635	14209
635	14474
635	16252
635	17410
635	19316
636	2253
636	2931
636	4996
636	5982
636	7123
636	7902
636	9217
636	10048
636	14003
636	14646
636	14799
636	18143
636	18838
637	3071
637	4386
637	5197
637	5780
637	8756
637	9764
637	11487
637	12785
637	14597
637	15324
638	2276
638	10902
638	12672
638	13528
638	19556
638	19739
639	819
639	3817
639	6493
639	9562
639	11324
639	13517
639	14813
639	16634
639	16874
639	17371
639	18877
640	5558
640	5846
640	6773
640	9398
640	10326
640	10746
640	15558
640	15948
640	17168
640	17841
640	18387
640	18934
641	1702
641	2371
641	10959
641	11441
641	15916
641	17503
641	17677
641	18384
642	6124
642	7941
642	9069
642	11191
642	16971
642	17043
642	19698
642	19946
643	2407
643	4082
643	7309
643	10176
643	11256
643	17612
643	19286
644	513
644	3217
644	4467
644	6969
644	7227
644	11692
644	15409
644	15551
645	511
645	774
645	1361
645	2981
645	8548
645	13611
645	16186
646	452
646	1787
646	1849
646	2651
646	3788
646	3843
646	7710
646	11416
646	13020
646	13701
646	14174
647	2091
647	3048
647	6288
647	6658
647	10573
647	11868
647	13518
647	15136
647	15377
648	203
648	1143
648	3207
648	8339
648	8659
648	9415
648	9724
648	11862
648	12322
648	14961
648	16401
649	1012
649	3087
649	3247
649	7758
649	8176
649	9163
649	12414
649	13546
649	16937
649	18737
649	19173
649	19517
650	144
650	692
650	2990
650	3111
650	4458
650	6063
650	10592
650	10804
650	11274
650	12550
651	2890
651	3619
651	9621
651	11599
651	11829
651	12044
651	13923
651	17364
651	17913
651	19285
651	19441
652	2544
652	2675
652	3660
652	4237
652	11891
652	15894
652	18327
653	91
653	485
653	4691
653	7638
653	7890
653	8804
653	16897
653	18228
654	3347
654	4865
654	4971
654	7809
654	10935
654	11431
654	12237
654	12791
654	15202
654	15891
654	19685
655	256
655	2980
655	5328
655	16442
655	19453
656	33
656	1914
656	5591
656	8934
656	13054
656	13085
656	14326
656	14938
656	15019
656	15151
656	15820
656	17778
656	17916
656	19276
657	3384
657	4693
657	5970
657	8855
657	9516
657	12725
657	12911
657	19011
658	162
658	571
658	3935
658	4228
658	6071
658	6837
658	12159
658	13553
658	15701
658	15933
659	1965
659	10406
659	12451
659	13368
659	13456
659	13970
659	16985
659	17689
659	19470
660	85
660	3478
660	5443
660	6137
660	10720
660	11202
660	15298
660	16394
660	16619
660	17509
660	19226
660	19574
661	10328
661	11527
661	15487
661	15955
661	16295
661	18936
661	19800
661	19931
662	3241
662	7161
662	10494
662	12337
662	14661
662	16299
662	16531
663	4184
663	4315
663	4678
663	9028
663	9762
663	11411
663	19086
664	1838
664	2741
664	3444
664	5838
664	6823
664	11719
664	14307
664	15999
665	3336
665	4247
665	4564
665	7562
665	11911
665	11954
665	16550
666	1453
666	5237
666	7892
666	12684
666	15180
666	15626
666	16390
666	17912
666	18372
666	19469
667	4793
667	6496
667	10612
667	14867
667	16614
667	19117
667	19405
667	19959
668	151
668	1864
668	3234
668	11505
668	13867
668	13947
668	15413
668	15693
668	16529
669	1698
669	4763
669	5133
669	11627
669	12555
670	7577
670	9169
670	9533
670	10777
670	11149
670	13459
670	13536
670	16012
670	18451
671	220
671	1140
671	2682
671	4537
671	7157
671	7359
671	10177
671	16713
671	16739
672	7658
672	10491
672	13202
672	16107
672	16851
672	18526
673	752
673	1161
673	3932
673	10451
673	11598
673	12495
673	13557
673	18579
673	18798
673	19672
674	2084
674	4704
674	8031
674	8441
674	9624
674	18467
674	19264
675	3114
675	4182
675	4802
675	6502
675	7552
675	8206
675	9091
675	9496
675	9908
675	12603
675	15977
675	19221
676	2736
676	3428
676	4106
676	5507
676	8880
676	11236
676	15836
676	16721
676	17094
677	1801
677	4810
677	6495
677	6875
677	8549
677	9939
677	15698
677	16008
677	16105
677	17854
677	18745
678	3054
678	4212
678	5217
678	5615
678	8917
678	9240
678	11055
678	12814
678	14752
678	17172
678	17495
678	17734
678	18239
678	19013
679	4190
679	5371
679	7174
679	7887
679	9395
679	13627
679	15671
679	16694
679	16884
679	17206
680	4584
680	5983
680	8338
680	9384
680	9940
680	13715
680	15255
680	16743
680	18722
681	175
681	2988
681	3283
681	4094
681	5273
681	9253
681	9975
681	11323
681	13656
681	13669
681	19593
682	5576
682	6703
682	6846
682	9055
682	12001
682	12683
682	13059
682	15097
683	3897
683	4788
683	7513
683	7962
683	10654
683	12956
683	14371
683	15108
683	17126
684	645
684	965
684	2440
684	4724
684	8147
684	8640
684	10520
684	11846
684	14784
684	16022
684	18162
685	1909
685	2322
685	2399
685	2423
685	7361
685	7677
685	11635
685	13410
685	15727
685	16296
685	17052
685	17502
686	1156
686	5223
686	5301
686	5734
686	5972
686	8768
686	9407
686	12111
686	12514
686	14793
686	15873
686	16187
687	29
687	7387
687	7575
687	13126
687	15817
687	17244
687	18233
687	19330
688	153
688	5852
688	6522
688	6764
688	8118
688	8630
688	8884
688	10691
688	13423
688	14475
688	15264
688	16878
688	17339
689	149
689	298
689	7416
689	8156
689	10577
689	11601
689	12295
689	17610
689	18408
689	19486
690	2629
690	3968
690	5298
690	5531
690	7064
690	8603
690	9116
690	9933
690	11382
690	12033
690	19114
691	1000
691	1061
691	2042
691	2353
691	3052
691	5944
691	6333
691	7519
691	9411
691	9916
691	13238
691	16504
691	19575
692	4138
692	4527
692	7128
692	7995
692	9207
692	10068
692	10199
692	11225
692	14050
692	15586
692	18728
693	6
693	501
693	2775
693	5261
693	5325
693	11133
693	12607
693	17738
693	19327
694	44
694	4162
694	4477
694	5327
694	7075
694	7585
694	7823
694	10395
694	13094
694	15149
694	18281
694	18557
695	1026
695	4327
695	7203
695	8950
695	10510
695	10724
695	11121
695	13877
695	18473
695	18750
695	19392
695	19499
695	19801
696	983
696	1427
696	7768
696	8728
696	11392
696	15030
696	16967
696	18453
697	1199
697	5193
697	6166
697	12448
697	14672
697	14859
697	15570
697	16513
697	17928
698	339
698	3644
698	4041
698	4092
698	6012
698	6587
698	9285
698	13242
698	13543
698	14540
698	14979
698	16757
698	18720
698	19552
699	1338
699	4174
699	9499
699	9718
699	10765
699	12213
699	16328
699	17631
699	19840
700	2065
700	5548
700	8733
700	9383
700	9490
700	9548
700	11140
700	11423
700	12522
700	17643
701	2098
701	2915
701	3829
701	4463
701	5382
701	5393
701	7667
701	10565
701	12919
701	13698
701	18226
701	19562
702	148
702	6043
702	6475
702	10076
702	10701
702	12601
702	13519
702	13587
702	14395
702	15192
702	19061
703	518
703	3583
703	6737
703	7531
703	10980
703	13348
703	13499
703	13845
703	15253
703	16603
703	19659
703	19830
704	1661
704	3412
704	3849
704	4749
704	8004
704	8966
704	9549
704	10795
704	11597
704	12034
704	16324
705	668
705	3990
705	4193
705	6491
705	9095
705	12471
705	13284
705	19581
706	16
706	3513
706	6932
706	9305
706	9381
706	13976
706	17935
706	19613
706	19852
707	1392
707	1683
707	2436
707	4035
707	6855
707	9365
707	10333
707	10681
707	12247
708	5331
708	6346
708	9988
708	11571
708	12401
708	13965
708	15799
708	16160
708	16273
709	2122
709	6123
709	7678
709	8321
709	14643
709	15524
709	15565
709	15628
709	17860
709	18116
710	2384
710	4928
710	8012
710	9422
710	9704
710	10862
710	11481
710	15435
710	16527
710	18636
711	295
711	2203
711	5350
711	5480
711	8311
711	10971
711	15447
712	1669
712	1821
712	4217
712	4643
712	6426
712	8465
712	11686
712	13258
712	13904
712	16949
712	17402
712	17498
713	332
713	1331
713	1949
713	5392
713	13941
713	17801
714	998
714	1369
714	1420
714	8209
714	15066
714	15214
714	17963
715	1727
715	1744
715	4307
715	10868
715	14302
715	14679
715	16725
715	19000
715	19792
716	337
716	626
716	2083
716	2765
716	2901
716	5022
716	6685
716	12206
716	15652
716	15870
717	192
717	2503
717	3165
717	7546
717	7989
717	13688
717	16071
718	3741
718	7016
718	11563
718	12863
718	16747
718	17524
718	19541
718	19822
718	19854
719	908
719	1517
719	1904
719	5600
719	6751
719	10243
719	12370
719	13863
719	17479
719	19105
720	1337
720	3293
720	5564
720	15676
720	18159
720	19175
721	7060
721	8449
721	11831
721	14918
721	15655
721	16399
721	18280
721	19228
722	226
722	465
722	1874
722	3328
722	4412
722	5587
722	14026
722	17900
722	18675
722	19151
722	19168
723	1411
723	3501
723	3548
723	4653
723	6347
723	7671
723	7953
723	9824
723	10745
723	12124
723	18782
724	4456
724	5322
724	5540
724	6033
724	7652
724	13217
724	13299
724	16488
724	18353
725	1069
725	7729
725	10007
725	11590
725	12314
725	13230
725	13417
725	13769
725	13992
725	17080
725	19381
725	19495
726	1312
726	5729
726	8454
726	9062
726	9239
726	12641
726	14085
726	16232
726	16669
726	18320
727	1659
727	6069
727	8629
727	9778
727	12526
727	13757
727	15044
727	16850
728	4220
728	4922
728	5070
728	7920
728	8097
728	9275
728	10106
728	10542
728	10962
728	14343
728	15764
729	2144
729	2540
729	3370
729	4751
729	11875
729	12984
729	14621
729	18869
729	19404
729	19572
730	1380
730	4420
730	5966
730	7051
730	10461
730	11196
730	11455
730	12309
730	13467
730	16807
731	3463
731	3909
731	4592
731	4598
731	6627
731	7142
731	15295
731	15848
731	19475
732	1309
732	1483
732	3401
732	5293
732	7307
732	10019
732	11855
732	15822
733	1394
733	1555
733	2479
733	2824
733	8811
733	11396
733	18685
734	1646
734	2218
734	6526
734	6557
734	7245
734	8225
734	9731
734	12904
734	17939
735	5338
735	6466
735	7194
735	12014
735	12850
735	13460
735	13559
735	14073
735	15674
735	19053
736	2640
736	4746
736	5353
736	5703
736	6345
736	6574
736	8480
736	9230
736	12294
736	12762
736	12809
736	17357
736	18121
737	4233
737	4308
737	5636
737	6815
737	8070
737	8726
737	9974
737	10457
737	18967
738	219
738	719
738	4497
738	7267
738	8407
738	9058
738	9310
738	9832
738	11480
738	12191
738	13750
739	2848
739	6450
739	6762
739	7761
739	8759
739	11684
739	16990
739	17099
739	19251
740	608
740	1978
740	2102
740	3145
740	4017
740	5504
740	6660
740	11755
740	14936
740	16928
740	19913
741	1751
741	3125
741	3888
741	4712
741	10261
741	11926
741	12582
741	18142
741	19488
742	4963
742	7284
742	10404
742	14255
742	14494
742	18521
742	18990
742	19194
743	2950
743	8071
743	12161
743	13938
744	635
744	2268
744	10266
744	12352
744	13198
744	14059
744	15004
744	17194
744	18209
744	19710
745	2518
745	3600
745	3896
745	6748
745	11024
745	12275
745	17448
746	1490
746	4619
746	6683
746	8091
746	8989
746	9046
746	9633
746	10950
746	15376
746	17326
747	632
747	4939
747	6302
747	7722
747	8835
747	11008
747	14368
747	15247
747	16587
747	17997
747	18222
747	18901
748	6656
748	8273
748	8461
748	10680
748	10855
748	13342
748	13945
748	17264
748	18903
749	330
749	2894
749	6443
749	7184
749	7848
749	8295
749	8752
749	8793
749	8972
749	9672
749	12516
749	14608
749	18725
749	19409
750	786
750	2914
750	5536
750	7991
750	10298
750	10881
750	15809
750	17160
751	1518
751	1826
751	3003
751	4697
751	10160
751	13741
751	15462
752	2100
752	4003
752	10536
752	13437
752	14526
752	15363
752	15716
752	16978
752	19014
752	19513
753	1371
753	2464
753	9036
753	10196
753	10415
753	11473
753	13183
753	15046
753	17280
753	19368
754	1210
754	5514
754	6563
754	7576
754	8516
754	9865
754	10341
754	10991
754	15554
754	16267
754	17439
755	40
755	1947
755	2392
755	3224
755	10192
755	11103
755	11452
755	11750
755	14702
755	15961
755	16494
756	1152
756	8102
756	8688
756	8828
756	10854
756	15198
757	1252
757	1818
757	2451
757	4428
757	4767
757	7076
757	7426
757	10452
757	13060
757	14077
757	14428
757	18830
758	582
758	2345
758	2663
758	5875
758	8162
758	10625
758	12579
758	15473
758	15949
758	16171
759	4569
759	4932
759	14558
759	15041
759	15657
759	15918
759	16683
759	18056
760	4341
760	4831
760	6454
760	7889
760	15709
760	16290
760	16426
761	1461
761	5173
761	7105
761	11174
761	11512
761	13002
761	15099
762	3212
762	3723
762	7641
762	11498
762	11841
762	11961
762	12507
762	15517
762	17178
763	180
763	5814
763	5858
763	8784
763	9286
763	9479
763	12949
763	17805
764	1749
764	10289
764	11640
764	12049
764	13049
764	14814
764	16240
764	16333
764	17486
764	17614
765	1267
765	1298
765	5775
765	7305
765	8562
765	9344
765	12888
765	13269
765	14188
765	14192
765	19573
766	262
766	1802
766	1958
766	3873
766	5653
766	6556
766	7883
766	8127
766	10216
766	10937
766	14511
767	129
767	3223
767	3889
767	4826
767	6760
767	7424
767	11350
767	11798
767	14469
767	15357
767	18382
768	2621
768	3451
768	3672
768	9823
768	12233
768	16305
768	19047
769	2164
769	3581
769	3657
769	4089
769	5186
769	8018
769	9634
769	11125
769	15034
769	17185
769	18210
769	18223
770	8035
770	10624
770	14603
770	15114
771	123
771	5031
771	9404
771	9425
771	14247
771	14482
771	15274
771	15339
772	2263
772	3408
772	5768
772	6465
772	6553
772	14069
772	14277
772	19063
773	2458
773	4575
773	7192
773	9709
773	10449
773	10812
773	10861
773	11799
773	12517
773	14254
773	16624
773	17964
774	482
774	1200
774	2035
774	2204
774	3196
774	4227
774	4773
774	4808
774	7468
774	9045
774	12525
774	18890
775	881
775	1601
775	4820
775	10533
775	11731
775	14579
775	16492
775	17396
775	18560
776	5100
776	6322
776	6524
776	6934
776	6968
776	8063
776	8324
776	9883
776	12234
776	18425
777	2079
777	2964
777	3505
777	4681
777	8551
777	10008
777	11499
777	13952
777	19446
778	2086
778	4255
778	4806
778	6010
778	6425
778	8856
778	11378
778	12326
778	16298
778	17018
778	18886
779	5759
779	7254
779	8187
779	8290
779	10119
779	10429
779	10805
779	13706
779	15055
779	16912
779	18626
779	18648
780	716
780	2289
780	3166
780	6422
780	10817
780	10904
780	12162
780	13125
780	14567
780	19699
781	4682
781	4684
781	4990
781	8705
781	10601
781	12760
781	13638
781	15358
781	16714
781	19624
782	99
782	4789
782	5129
782	5154
782	5996
782	6532
782	8122
782	12498
782	14361
782	17933
783	7782
783	8099
783	10344
783	10695
783	10696
783	10797
783	10840
783	12187
783	12658
783	12929
783	14323
783	15067
783	15785
784	5727
784	8216
784	9682
784	10630
784	17521
784	17828
784	18673
785	10315
785	10752
785	11363
785	12647
785	18627
786	479
786	581
786	844
786	2803
786	3884
786	8524
786	9802
786	13691
786	19983
787	406
787	2993
787	4512
787	6090
787	10583
787	14617
787	14684
787	14825
787	15086
787	17541
788	559
788	2925
788	3795
788	4715
788	5236
788	5919
788	6284
788	17668
789	611
789	2861
789	9361
789	9737
789	11089
789	12612
789	13050
789	15927
789	17699
790	768
790	1599
790	4235
790	6659
790	6670
790	7951
790	14224
790	15719
790	18492
790	19858
791	5160
791	7005
791	10497
791	12770
791	12973
791	13570
791	14760
791	15028
791	15488
791	16238
792	291
792	370
792	4329
792	6506
792	7770
792	15506
793	764
793	3221
793	4758
793	5962
793	8530
793	9787
793	14016
793	18495
793	19031
794	2002
794	4532
794	5431
794	8423
794	10090
794	10584
794	11306
794	13744
794	16069
795	3947
795	6120
795	7787
795	7819
795	8116
795	10697
795	14429
795	18835
795	19193
795	19419
796	2252
796	2967
796	4073
796	7937
796	9995
796	13052
796	14182
796	14627
796	16185
796	17646
797	1011
797	6717
797	10544
797	11015
797	14273
797	15095
797	16127
797	16344
797	16988
797	17017
797	17219
798	1374
798	4494
798	6363
798	7617
798	8080
798	9472
798	10705
798	11182
798	11711
798	13337
798	14241
798	19951
799	2241
799	4337
799	6141
799	6960
799	8180
799	8452
799	8926
799	9080
799	16261
799	16609
799	17139
799	17902
800	1037
800	4579
800	5547
800	5750
800	6391
800	7373
800	8218
800	16329
800	16689
800	17605
801	212
801	4260
801	4535
801	8961
801	8971
801	11403
801	11460
802	5828
802	10958
802	12416
802	13106
802	13864
802	13981
802	18409
803	105
803	1216
803	1615
803	3879
803	4941
803	5912
803	11912
803	16579
803	17105
803	19915
804	3674
804	4080
804	4223
804	4694
804	11546
804	11887
804	16711
805	2147
805	2306
805	9060
805	9885
805	10175
805	11908
805	16404
805	17865
806	1135
806	1362
806	6543
806	8698
806	9056
806	9978
806	10961
806	16363
806	16977
807	6765
807	7984
807	9804
807	10789
807	11334
807	13177
807	13414
807	15403
807	17060
807	17890
807	18642
808	1618
808	4846
808	4976
808	8876
808	10481
808	12154
808	15130
808	15186
809	5552
809	5646
809	6673
809	7084
809	8213
809	12351
809	13481
809	15348
809	16259
809	16955
810	1588
810	1750
810	3712
810	11047
810	16710
811	900
811	1809
811	4781
811	5378
811	5945
811	7180
811	7689
811	7759
811	10206
811	18883
811	19046
812	532
812	2593
812	3939
812	4878
812	5084
812	5130
812	8760
812	9873
812	11006
812	12008
812	13814
812	15599
812	17757
813	159
813	765
813	1146
813	1967
813	10690
813	15338
813	16148
813	17278
814	322
814	2432
814	4112
814	5257
814	5742
814	6274
814	9673
814	13012
814	14025
814	19987
815	6793
815	11661
815	14099
815	16706
815	17574
815	17951
815	18906
815	19447
816	408
816	1823
816	2720
816	3425
816	4027
816	6593
816	7035
816	12609
816	14713
816	15123
816	16461
816	17361
816	19862
817	1064
817	3528
817	9282
817	11458
817	11476
817	11502
817	11839
817	14419
817	17599
817	19705
818	6143
818	7287
818	8429
818	8481
818	13046
818	15564
818	16512
818	17363
818	17394
818	18051
819	1765
819	3588
819	5477
819	5506
819	5876
819	11768
819	11986
819	12488
819	17129
819	18205
820	321
820	3864
820	7605
820	8464
820	11504
820	12283
820	16389
820	19019
821	5383
821	7197
821	8513
821	9849
821	13905
821	15165
821	15195
821	19263
822	1075
822	2149
822	3126
822	11374
822	11980
822	12997
823	1124
823	1758
823	2408
823	2568
823	3442
823	4642
823	6045
823	8853
823	9367
823	13181
823	14505
823	17381
824	516
824	1120
824	2489
824	3936
824	11934
824	12927
824	17084
824	17554
824	19275
825	530
825	1133
825	2525
825	2843
825	12489
825	12982
825	16264
825	17193
825	18510
826	483
826	1028
826	1386
826	2818
826	6701
826	7659
826	8061
826	11513
826	13826
826	15731
826	16622
827	9010
827	9076
827	11549
827	11928
827	12163
827	13383
827	14700
827	15292
827	15302
827	15663
827	17731
827	18952
828	2513
828	2777
828	3761
828	8086
828	9071
828	12906
828	13501
828	13584
828	18738
828	18907
829	1610
829	4320
829	7319
829	7591
829	8350
829	9172
829	14946
829	15898
829	17615
830	3274
830	4988
830	5866
830	6811
830	7302
830	8892
830	10878
830	14944
830	16065
830	19937
831	840
831	14027
831	15471
831	17885
831	19866
832	648
832	1119
832	2982
832	4149
832	7102
832	8883
832	10874
832	13473
832	18915
832	19076
833	1462
833	1886
833	2018
833	3601
833	4807
833	12320
833	12578
833	15412
833	16403
833	18255
833	18800
834	385
834	401
834	3305
834	3494
834	5651
834	6942
834	8844
834	14382
835	7661
835	8863
835	12171
835	14104
835	14599
835	14629
835	17266
835	18420
835	18795
835	19838
836	173
836	6488
836	8650
836	8701
836	9961
836	10127
836	10633
836	11805
836	12975
836	14045
836	14127
836	17601
836	19932
837	466
837	1257
837	2683
837	3614
837	3963
837	10729
837	12022
837	12702
838	593
838	710
838	1201
838	1217
838	3981
838	4376
838	4794
838	6857
838	12308
838	14341
838	15326
838	15810
838	19050
838	19795
839	2645
839	2772
839	3178
839	5397
839	7960
839	8227
839	16448
839	16451
839	18602
840	1179
840	1206
840	3077
840	6713
840	10409
840	12096
840	13733
840	14648
840	18539
841	2270
841	7213
841	13606
841	15394
841	18043
841	19697
842	2023
842	2476
842	2860
842	3731
842	4631
842	6832
842	6853
842	9953
842	11821
842	12429
842	15379
843	4547
843	15131
843	16199
843	19385
843	19814
843	19949
844	493
844	1060
844	6707
844	8050
844	8916
844	11767
844	14359
844	15553
844	16369
844	17091
844	19661
845	2542
845	3133
845	5557
845	6057
845	7509
845	9261
845	11268
845	11997
845	14383
845	17769
845	18192
846	3163
846	7403
846	8011
846	8271
846	9658
846	12473
846	15408
846	19020
847	1677
847	2846
847	5037
847	6559
847	10626
847	13323
847	13680
847	14803
847	16242
847	19360
848	9070
848	9200
848	9909
848	12167
848	13032
848	13639
848	15225
848	16265
848	16762
848	18421
849	1825
849	4472
849	13191
849	13480
849	16352
849	17973
849	19625
850	1902
850	6654
850	7833
850	8126
850	9598
850	11218
850	15427
850	15618
851	1263
851	3098
851	5270
851	5429
851	5851
851	5913
851	7704
851	11263
851	12000
851	13170
851	14998
851	19676
852	5965
852	10756
852	14271
852	14775
852	16023
852	16530
852	16578
853	365
853	1047
853	3931
853	5446
853	8704
853	13132
853	16016
853	17283
853	19484
854	1145
854	2227
854	2975
854	3779
854	7221
854	7793
854	14378
854	19329
855	1889
855	2435
855	3449
855	9965
855	11200
855	13226
855	13397
855	13949
855	14612
855	15448
855	15724
855	17001
855	18415
855	19645
856	52
856	1189
856	1708
856	9696
856	10387
856	12811
856	13507
856	16091
856	18070
856	19535
856	19737
857	147
857	398
857	6822
857	7497
857	11122
857	12190
857	12355
858	7485
858	7681
858	8943
858	10704
858	11095
858	12393
858	13232
858	13292
858	15159
858	19350
858	19577
859	1470
859	3268
859	7642
859	7690
859	8049
859	9827
859	13442
859	16277
859	17510
859	18831
859	19740
860	463
860	654
860	1031
860	4719
860	6316
860	15113
861	872
861	1342
861	12608
861	16736
861	17776
861	17920
862	1840
862	2011
862	4590
862	4702
862	8935
862	10316
862	13931
862	14098
862	16674
862	17116
862	17782
863	629
863	5871
863	8921
863	9336
863	10984
863	11164
863	14051
863	18484
864	6068
864	9294
864	12284
864	12841
864	12890
864	16222
864	16695
864	19433
865	211
865	1367
865	2355
865	4866
865	6202
865	9745
865	11295
865	12994
865	18482
866	329
866	1465
866	4553
866	4827
866	6591
866	8622
866	15520
866	15769
866	16847
866	17840
867	164
867	2000
867	4268
867	9271
867	12102
867	12387
867	14835
867	16816
867	19374
868	2404
868	12851
868	13728
868	16708
868	16809
868	17147
868	18507
868	18545
868	18882
869	3307
869	8237
869	12249
869	12496
869	14484
870	353
870	4544
870	9181
870	10242
870	13495
870	17404
870	18555
870	18854
870	19278
871	3876
871	5252
871	8710
871	10435
871	13457
871	16661
871	17388
872	297
872	431
872	1128
872	4698
872	6303
872	8566
872	9462
872	13075
872	16784
872	19218
873	1350
873	4001
873	6677
873	12218
873	12830
873	17034
873	18396
873	18688
874	948
874	2991
874	6680
874	8955
874	9747
874	10140
874	10945
874	14520
874	18828
875	883
875	2820
875	6413
875	7632
875	9236
875	10434
875	11472
875	15631
875	15834
876	798
876	1982
876	7326
876	7843
876	7998
876	10073
876	12035
876	14510
876	14578
876	17252
877	816
877	1277
877	1763
877	3216
877	6970
877	7046
877	13033
877	13454
877	17222
877	17499
878	1524
878	4994
878	8000
878	11564
878	12117
878	15537
878	15743
878	18678
878	19756
879	1134
879	5297
879	7259
879	12530
879	12668
879	13107
879	14740
879	17965
880	1258
880	2573
880	3835
880	6570
880	6682
880	7664
880	7754
880	12632
880	16889
880	17546
880	19477
881	865
881	1998
881	2837
881	3481
881	3667
881	5428
881	6242
881	7156
881	9247
881	14198
881	16607
881	18172
881	18625
882	504
882	1212
882	2097
882	11239
882	12097
882	13723
882	15341
882	15470
882	16075
882	17824
883	1353
883	3418
883	6163
883	8801
883	10499
883	13279
883	13338
883	14267
883	15499
883	18597
884	460
884	1741
884	11383
884	12955
884	15120
884	16877
884	17089
884	19003
885	361
885	993
885	7419
885	7777
885	9758
885	10946
885	12397
885	12768
885	13194
885	14744
885	17570
885	19543
886	1919
886	5741
886	5764
886	6911
886	9400
886	12067
886	13800
886	14785
886	17005
886	17746
886	19608
887	3420
887	5009
887	7773
887	8098
887	9081
887	9155
887	10047
887	12256
887	17727
887	18618
887	19745
888	2077
888	4150
888	7656
888	7735
888	12993
888	16727
888	19819
889	931
889	3648
889	6171
889	13772
889	15431
889	15635
889	19303
890	235
890	2234
890	4160
890	6060
890	6304
890	6632
890	9435
890	13735
890	15451
890	16140
891	308
891	2286
891	4034
891	6783
891	7289
891	8872
891	9413
891	12078
891	16092
891	19333
892	1105
892	1327
892	1761
892	6688
892	9893
892	13794
892	15023
892	15416
892	15508
892	16552
892	19555
893	2039
893	2349
893	3061
893	6086
893	7635
893	8053
893	10943
893	11657
893	12636
893	13381
893	14705
894	3197
894	3699
894	4298
894	4916
894	4956
894	7949
894	12486
894	13307
894	14272
894	17970
895	2095
895	5196
895	7353
895	9631
895	12358
895	14044
895	14894
895	15527
895	15688
895	16586
895	17149
896	2865
896	5538
896	6188
896	8451
896	10541
896	10844
896	15072
896	17975
897	27
897	9744
897	10917
897	17293
897	17475
897	18615
898	4722
898	4863
898	6863
898	8845
898	11705
898	16600
898	16766
898	18917
899	53
899	1922
899	2708
899	4171
899	5069
899	7461
899	8014
899	9019
899	10427
899	11074
900	8146
900	9139
900	9715
900	14522
900	18058
901	1611
901	2856
901	5799
901	6469
901	6667
901	8794
901	9249
901	10540
901	11099
901	13860
901	15286
901	17305
902	1934
902	4481
902	6190
902	7351
902	8247
902	10207
902	15196
902	18179
903	4361
903	4387
903	4986
903	6083
903	6800
903	10682
903	13315
903	17183
903	19346
904	358
904	2348
904	5832
904	5991
904	9074
904	12706
904	16845
904	18972
905	1329
905	2485
905	5693
905	11111
905	13899
905	14972
906	13
906	2152
906	3833
906	4828
906	5437
906	6444
906	8818
906	9212
906	11073
906	12126
906	14058
906	16508
906	17950
906	18694
907	4735
907	5213
907	6132
907	8639
907	11389
907	12946
907	13345
907	13812
907	17480
907	18704
908	7299
908	7601
908	9837
908	9923
908	10737
908	14898
908	17277
908	17297
908	18380
908	19514
909	2757
909	5904
909	9112
909	10375
909	11404
909	13452
909	15879
909	16837
909	16914
910	168
910	959
910	2166
910	8608
910	9196
910	9451
910	11152
910	12056
910	14595
910	18141
911	923
911	7905
911	11849
911	13169
911	13389
911	14235
911	17597
911	18133
911	18424
911	19119
912	1245
912	2553
912	7263
912	7732
912	8744
912	8874
912	9852
912	10982
912	14367
913	136
913	2194
913	4188
913	8328
913	10437
913	10908
913	11542
913	12242
913	15607
913	16407
913	17227
913	17397
913	17648
914	3811
914	4354
914	4761
914	9244
914	10632
914	11664
914	16397
914	16722
914	16831
915	1130
915	1136
915	1209
915	4231
915	6880
915	9382
915	11293
915	11760
915	13162
915	13463
915	16163
915	19081
916	364
916	1096
916	1505
916	6963
916	8120
916	10136
916	10553
916	11365
916	12775
916	13067
916	13963
916	15971
916	17823
917	4596
917	4877
917	6218
917	8847
917	9558
917	9766
917	10853
917	12726
917	14459
918	1478
918	3169
918	4374
918	6339
918	7670
918	8729
918	9829
918	9991
918	17660
918	17977
919	570
919	1213
919	2048
919	2552
919	2751
919	3152
919	5955
919	16934
919	18262
919	18413
919	19481
920	815
920	1084
920	2354
920	9378
920	11559
920	12091
920	12484
920	14786
920	17124
920	19215
921	2527
921	5239
921	6228
921	7097
921	7257
921	8107
921	9101
921	10116
921	10983
921	11538
922	4185
922	7380
922	8753
922	11138
922	11395
922	17133
922	17982
923	3399
923	3485
923	6983
923	8814
923	15354
923	18240
923	19626
924	4451
924	6740
924	6827
924	7106
924	7857
924	10254
924	16716
924	19133
925	1932
925	4768
925	5488
925	5906
925	6300
925	8446
925	9465
925	13907
925	15236
926	3958
926	5044
926	6640
926	7725
926	7869
926	10311
926	17399
926	18119
926	19920
927	3251
927	3986
927	4561
927	8724
927	9828
927	11835
927	12653
927	15479
927	16536
927	18999
928	770
928	6937
928	8866
928	13153
928	13824
928	14575
928	15513
928	18715
928	18896
929	47
929	2746
929	2788
929	5288
929	6081
929	7038
929	7196
929	9734
929	10513
929	12077
929	13301
929	17275
929	18589
930	4074
930	5255
930	6501
930	10125
930	11243
930	12424
930	13551
930	14639
930	15052
930	18086
931	81
931	5088
931	5317
931	5365
931	8673
931	13527
931	14261
931	16964
931	19124
931	19548
932	74
932	1795
932	3722
932	7757
932	8121
932	11391
932	12748
932	13316
932	16584
932	17320
932	18151
932	19990
933	2370
933	2732
933	5373
933	11968
933	15552
933	15588
933	17342
933	19290
934	4048
934	6205
934	6812
934	10085
934	10214
934	10524
934	10866
934	11931
934	15312
935	4304
935	5183
935	7971
935	8757
935	8806
935	12114
935	13333
935	16026
935	17027
935	17375
935	19460
936	3381
936	4141
936	5290
936	6674
936	15007
936	16639
936	16660
936	19170
936	19203
937	919
937	1502
937	3592
937	4787
937	10576
937	13734
937	15859
937	15950
938	386
938	4503
938	9687
938	11052
938	11112
938	12224
938	13453
938	15744
939	1324
939	2244
939	4876
939	9868
939	13699
939	17526
939	19008
939	19363
940	696
940	1121
940	1717
940	2965
940	4273
940	7810
940	9369
940	9813
940	11673
940	11864
940	12031
940	13037
940	15994
941	72
941	2438
941	4147
941	6500
941	7684
941	10038
941	11341
941	11713
941	13808
941	14362
941	15858
941	16443
941	17295
941	19531
942	601
942	898
942	1358
942	1592
942	8850
942	8903
942	9353
942	12413
942	13825
942	14041
942	15160
942	15685
942	18551
942	19803
943	2742
943	3928
943	5157
943	6581
943	7233
943	8976
943	14301
943	18829
943	19187
944	1284
944	3033
944	5263
944	6985
944	11192
944	12121
944	12261
944	12559
944	14529
944	15539
945	2376
945	2657
945	3129
945	5279
945	7886
945	8545
945	15753
945	17473
945	17750
946	498
946	2612
946	3280
946	5211
946	9799
946	10342
946	13303
946	16834
946	19720
947	93
947	442
947	2691
947	9186
947	9431
947	10856
947	15057
947	15430
947	15684
947	17790
948	3240
948	4901
948	4995
948	8807
948	9388
948	13277
948	13657
948	18657
949	1215
949	3507
949	7395
949	9029
949	10359
949	10709
949	12771
949	18871
949	19637
950	1097
950	1723
950	4022
950	4659
950	9948
950	9993
950	11217
950	13203
950	14411
950	15784
950	16287
950	18285
951	1346
951	2439
951	2888
951	5783
951	6049
951	11437
951	12915
951	13298
951	14274
951	14947
951	18044
951	19719
952	3597
952	3806
952	6698
952	8432
952	11741
952	12095
952	12195
952	13930
952	14154
952	16486
952	18593
953	1381
953	3062
953	7398
953	11937
953	18494
954	1561
954	2028
954	6095
954	9786
954	10857
954	11220
954	11748
954	14245
954	14253
954	15920
954	18052
954	18687
955	1715
955	2662
955	3933
955	4097
955	6354
955	6356
955	10568
955	11313
955	12253
955	12452
955	13596
955	16509
956	5648
956	12743
956	14777
956	15064
956	17236
956	17531
956	19006
956	19518
957	2546
957	3447
957	5950
957	9316
957	14464
957	14704
957	19707
958	4005
958	7713
958	8791
958	8941
958	11438
958	14847
958	15779
959	4778
959	7366
959	8812
959	13095
959	13807
959	18653
960	7423
960	10141
960	12753
960	14451
960	14559
960	16932
960	17414
960	18591
960	18623
960	19861
961	142
961	199
961	1581
961	2310
961	2938
961	8636
961	8780
961	9348
961	13591
961	14431
961	15928
961	17676
961	18290
961	19655
961	19694
962	135
962	2206
962	7853
962	12043
962	13990
962	18957
963	1926
963	2697
963	3200
963	8289
963	9487
963	10564
963	14134
963	15700
963	16840
963	17424
963	19314
964	1729
964	2288
964	2332
964	4666
964	5359
964	5938
964	8033
964	14033
964	14471
964	15197
964	16064
964	16534
964	17453
964	19241
965	2457
965	10543
965	11659
965	13485
965	13977
965	16916
965	16950
966	1422
966	6758
966	7406
966	7648
966	8932
966	11495
966	12817
966	14896
966	15563
966	16314
966	18868
967	1467
967	3504
967	4263
967	7940
967	18998
967	19798
968	3972
968	6515
968	9613
968	11889
968	11890
968	12901
968	15454
968	16871
968	17352
969	2680
969	3157
969	4042
969	9037
969	10144
969	10628
969	13157
969	13974
969	18258
970	3353
970	3493
970	3685
970	11144
970	12505
970	13199
971	1311
971	4096
971	5841
971	6065
971	9148
971	12426
971	12557
971	13436
971	15012
972	3907
972	8119
972	12138
972	14075
972	15829
972	18442
973	462
973	3431
973	8924
973	13122
973	13434
973	14022
973	14219
973	16161
973	18401
974	2124
974	4902
974	5774
974	7570
974	9550
974	11993
974	12431
974	14223
974	15951
975	1722
975	3167
975	7301
975	8020
975	8177
975	8267
975	9536
975	13260
975	14749
975	18006
976	5726
976	6821
976	7311
976	9963
976	11260
976	12944
976	14927
976	18573
976	19928
977	3227
977	3850
977	4177
977	4539
977	5243
977	7720
977	11611
977	15322
978	4152
978	6195
978	6849
978	8015
978	9174
978	9295
978	10332
978	10634
978	11604
978	15930
979	119
979	2219
979	3564
979	13563
979	15280
979	16368
979	18147
979	18515
980	1852
980	4621
980	4830
980	9789
980	11541
980	15278
980	18278
980	19709
981	263
981	563
981	1279
981	1434
981	3717
981	4775
981	6973
981	7479
981	10819
981	11759
981	18887
982	4966
982	4968
982	7530
982	8251
982	8789
982	8813
982	10039
982	10996
982	11465
982	12350
982	15494
982	17242
982	17636
982	19125
983	1908
983	2298
983	3706
983	6494
983	8808
983	13767
983	14512
983	17134
983	19348
984	1110
984	6562
984	7218
984	8288
984	10552
984	12364
984	12510
984	14792
984	16054
984	16640
984	19662
985	4076
985	4859
985	5139
985	6607
985	8025
985	12229
985	14074
985	18109
985	18390
986	947
986	1457
986	4736
986	4973
986	10464
986	12622
986	14385
986	16168
986	16612
986	18788
987	1587
987	2780
987	8341
987	9146
987	11062
987	11577
987	11594
987	13765
987	14034
987	14592
987	17688
987	18287
988	2007
988	5105
988	5312
988	5647
988	5951
988	10128
988	13966
988	14053
988	15005
989	921
989	7474
989	12957
989	14480
989	18426
989	18761
989	19511
990	28
990	1015
990	2191
990	4555
990	8197
990	9538
990	10281
990	12842
990	15457
990	16011
990	18799
990	19885
991	2380
991	6229
991	6617
991	7572
991	10669
991	12789
991	17346
992	488
992	2461
992	6121
992	13149
992	18385
993	1695
993	5500
993	5807
993	7457
993	12924
993	14257
993	14340
993	14871
993	16133
993	16441
993	19143
994	1514
994	2231
994	3144
994	6928
994	7923
994	8408
994	10531
994	11882
994	13114
994	13647
994	14087
994	17726
994	18071
995	773
995	6786
995	8302
995	11310
995	11567
995	13471
995	13722
995	13984
995	16074
995	16101
996	5394
996	8655
996	11242
996	11485
996	16497
996	16751
996	19388
997	1190
997	3278
997	4058
997	7036
997	10184
997	11987
997	14019
997	14524
997	17130
997	17793
998	394
998	3438
998	3658
998	5190
998	5925
998	7975
998	13693
998	18647
999	1424
999	3359
999	9341
999	10297
999	13678
999	16019
999	16611
999	19025
999	19708