0	5274
0	7533
0	16155
0	18910
1	3127
1	8215
1	8750
1	9210
1	14118
1	14609
2	7072
2	8823
2	9021
2	12012
2	15506
2	18665
3	8344
3	8453
3	12824
3	14109
3	14375
3	16489
4	2444
4	8999
4	17012
5	6726
5	7169
5	14274
6	7382
6	16615
6	17212
7	12254
7	15365
7	15404
8	9599
8	15058
9	840
9	4931
9	10470
9	15709
9	18581
10	5225
10	9604
11	13661
11	18802
12	8047
12	10694
12	12139
13	2764
13	4308
13	5813
13	7417
13	11008
13	13197
14	1488
14	2463
14	5883
14	6881
14	7075
14	16021
15	4585
15	5461
15	8166
15	14411
15	15752
16	1670
16	3115
16	6175
16	15262
16	19176
17	1053
17	6571
17	10563
17	17057
17	17643
18	6069
18	9333
18	12069
18	14776
18	19298
19	1789
19	5808
19	6143
19	12623
19	15854
20	5575
20	6262
20	6502
20	10833
21	1086
21	3503
21	12052
21	12193
21	18327
21	19770
22	1967
22	4887
22	5772
22	6595
22	7647
22	11571
23	2746
23	2837
23	12176
24	7551
24	10579
24	10802
24	12226
24	16977
24	17568
25	2756
25	3074
25	6489
25	8067
25	13589
26	9004
26	18636
27	4760
27	6961
27	8907
27	8925
28	8865
28	13271
28	14442
29	2701
29	9212
29	13694
29	16743
30	1412
30	4298
30	4927
30	10096
31	4144
31	4879
31	6350
31	9181
31	10927
31	12209
31	13925
31	15553
32	2212
32	2923
32	8410
32	11184
32	11903
33	356
33	17533
33	18871
33	19098
33	19845
34	1351
34	10862
34	11250
34	11668
35	1070
35	1862
35	2042
35	2260
35	15357
36	4977
36	17208
36	19374
37	8718
37	12657
38	1474
38	13713
38	14458
38	17176
38	19057
39	2654
39	3284
39	5881
39	6125
39	7303
39	9087
39	10316
39	12471
39	16904
40	6540
40	12030
40	14822
40	16997
40	19864
41	6384
41	13880
41	16802
41	17632
41	18778
42	1330
42	6327
42	6756
42	12320
42	19008
42	19677
43	1363
43	10907
43	16565
43	16781
43	18020
43	18984
44	79
44	795
44	6716
44	11690
44	15488
44	17940
45	1774
45	7550
45	8791
45	11809
45	13663
46	2337
46	8497
46	16378
47	692
47	11376
47	13296
47	16720
48	10796
48	12242
48	12595
48	13578
49	6436
49	9636
49	14824
49	18813
49	19914
50	12416
50	14619
50	19220
51	2072
51	4798
51	6636
51	18061
52	604
52	817
52	14039
52	14634
52	14698
52	15472
52	18774
53	4471
53	6685
53	10118
53	12562
53	18054
53	19069
54	16374
54	16592
54	17463
54	18905
55	84
55	11883
55	15641
55	17857
55	19669
56	838
56	2609
56	15880
56	16360
56	17175
56	18833
57	8211
57	9035
57	11665
57	15359
57	18342
58	5272
58	11763
58	15632
58	16111
58	17426
58	18699
59	2620
59	7203
59	9152
60	8033
60	8280
60	12804
61	1369
61	2672
61	3181
61	5373
61	12260
61	14029
61	15602
62	122
62	5083
62	8231
62	14242
62	14331
62	15715
63	1450
63	3901
63	8167
63	11691
63	11972
64	11
64	9398
64	9575
64	17733
64	18060
65	529
65	4447
65	13294
65	14715
65	15095
65	19401
66	9903
66	12883
66	14733
66	17691
67	4708
67	6245
67	8444
67	8484
67	8571
67	12095
67	12510
68	826
68	2904
68	6288
68	16061
69	8348
69	16438
70	890
70	1702
70	9147
70	11740
70	16358
70	18678
71	956
71	4488
71	4518
71	11236
71	13756
71	14828
71	16179
71	17199
72	7096
72	8896
72	11124
72	17518
72	18270
73	2327
73	10958
73	16920
74	4129
74	5680
74	7145
74	14543
74	16943
74	17216
75	864
75	3435
75	9012
75	13591
75	14015
75	17265
75	18848
75	18988
76	2559
76	6237
76	18319
77	1665
77	4405
77	5658
77	9585
77	13546
77	14940
77	17047
78	5045
78	5627
78	9899
78	11493
78	15868
78	19768
79	184
79	7159
79	7208
79	13394
79	15852
80	1852
80	2256
80	3577
80	5960
80	8802
80	8884
80	15165
80	16969
81	4578
81	14857
81	17260
81	18690
82	5439
82	12048
82	18468
83	3776
83	4794
83	18135
83	19349
84	8945
84	12966
85	2744
85	10720
85	12155
85	17462
85	18668
86	383
86	415
86	16245
86	17884
86	18288
87	822
87	9400
87	16172
88	1512
88	4827
88	5713
88	14644
89	397
89	1087
89	3168
89	3232
89	5396
89	7176
89	10076
89	18983
90	3593
90	5570
90	6837
90	7945
90	13819
90	15938
90	18211
91	4652
91	13872
91	17579
92	4664
92	10283
92	12575
92	18896
92	19523
93	5535
93	6027
93	8117
93	9640
93	10970
93	15171
93	15215
93	15684
94	520
94	4076
94	4117
94	5171
94	9150
95	7756
95	14342
96	1385
96	3365
96	6192
96	11771
96	14226
97	8848
97	11877
97	12174
97	14175
97	18255
98	9886
98	17764
99	1902
99	13744
99	18511
100	400
100	1447
100	15714
100	17217
100	18269
101	3276
101	11057
101	13598
101	14210
102	4247
102	6388
102	6529
102	11630
102	15106
102	16722
103	6683
103	7856
103	10569
103	16713
103	17424
104	7751
104	16128
105	156
105	5814
105	10609
105	12922
105	16315
105	16620
105	18469
106	68
106	134
106	1477
106	2316
106	4962
106	8132
107	1511
107	2404
107	8187
107	12365
107	14061
107	18746
108	739
108	18618
108	19073
109	8316
109	19184
109	19259
110	1829
110	3291
110	9954
110	10363
110	10925
110	19170
110	19822
111	4466
111	6418
111	6795
111	8465
111	13279
111	14947
111	19786
112	1414
112	2361
112	5523
112	13134
112	13150
112	13256
112	13680
112	19426
113	4315
113	6719
113	7903
113	8039
113	10325
114	3572
114	4976
114	5336
114	7263
114	14784
114	19733
115	143
115	4748
115	6429
115	7813
115	13746
116	2122
116	4355
116	8774
116	14116
116	18013
117	9773
117	17326
118	4168
118	4483
118	11419
118	17747
119	4797
119	6558
119	10524
119	13592
119	17662
120	18340
120	19943
121	903
121	3730
121	4761
121	9572
121	12971
122	4919
122	6741
122	10869
122	12984
122	14509
123	1843
123	3919
123	5052
123	8093
123	11834
123	15555
123	17213
123	19509
124	3951
124	6261
124	8910
124	9228
124	12915
124	18874
125	2549
125	10100
125	11190
126	7060
126	11000
126	15626
126	17127
127	3248
127	6496
127	7441
127	8427
127	11643
127	12128
128	6718
128	10406
128	14844
128	17937
129	2637
129	11823
130	1229
130	3258
130	13658
130	14936
130	17396
130	18370
131	3226
131	5323
131	10595
131	17233
131	17652
131	18417
132	6374
132	8142
132	9126
132	10580
132	17075
133	2679
133	7130
133	7290
133	13503
133	15636
134	1714
134	11753
134	19251
135	5306
135	5591
135	10139
135	15633
135	18519
136	3448
136	4192
136	13343
136	19579
137	3528
137	13097
137	18087
138	4126
138	6361
138	7471
139	7635
139	7698
139	17253
140	7477
140	10501
140	12950
141	2478
141	3294
141	5997
141	13434
141	19156
142	2975
142	6453
142	10487
143	548
143	8690
143	11595
143	15393
143	15745
143	19676
144	441
144	6224
144	11287
144	11586
144	11750
144	12034
145	1856
145	7174
145	8455
145	11308
145	12417
145	12604
145	15495
145	18381
146	2447
146	2834
146	3767
146	9410
146	11113
146	12979
146	17259
147	10171
147	10515
147	11388
147	13630
147	14610
148	342
148	657
148	1204
148	5778
148	7907
149	7026
149	10167
149	12313
150	1468
150	9422
150	12250
150	13781
150	15793
151	2195
151	15712
151	16777
152	1669
152	4441
152	14428
152	17185
152	18289
153	2894
153	5182
153	6782
153	17573
154	4287
154	11031
155	3642
155	18868
156	1689
156	5425
156	13564
157	570
157	3892
157	5282
157	10469
157	12967
157	18693
158	4915
158	5611
158	5826
158	5977
158	7953
158	13055
158	19115
159	1935
159	2988
159	4132
159	4411
159	5393
159	5796
159	17513
159	19359
160	455
160	772
160	9201
161	3406
161	3929
162	933
162	6980
162	18298
163	234
163	428
163	480
163	11827
163	15625
163	17900
164	3349
164	10700
165	5162
165	9831
166	6072
166	13565
166	18544
166	19016
167	489
167	3149
167	7952
167	18651
168	2630
168	3840
168	4538
168	7745
168	10384
168	12805
168	14821
169	1189
169	5091
169	6157
169	7659
169	8778
169	17250
170	2799
170	8027
170	8477
170	15309
171	3469
171	13752
171	14019
172	873
172	1721
172	15940
172	16553
173	25
173	100
173	2044
173	3206
173	3718
173	9050
173	14067
174	3908
174	7715
174	9241
174	12352
174	19214
175	481
175	2057
175	5568
175	9232
175	15948
175	18041
175	19200
176	13602
176	17190
177	88
177	201
177	1848
177	4598
177	7539
177	7884
177	8513
177	14621
177	15253
177	19091
178	4288
178	13812
179	3564
179	3972
179	7644
179	8813
179	13673
179	15887
180	5399
180	13092
180	17495
181	6933
181	10755
181	15338
181	19267
182	1162
182	1849
182	3724
182	9667
182	13101
182	13947
182	18031
183	2640
183	7728
183	11322
184	4949
184	4972
184	10160
184	13685
184	16788
185	6023
185	6339
185	10352
185	10584
185	16086
186	438
186	4236
186	15451
187	7155
187	13217
187	17905
187	19219
188	9253
188	11336
188	11949
188	14087
188	14836
188	15972
189	8343
189	9011
190	11004
190	18273
191	3218
191	4960
191	11347
192	15191
192	16829
192	18108
192	18125
192	18730
192	19278
193	4474
193	16415
194	6802
194	7475
194	14896
195	3742
195	6668
195	10753
196	29
196	2192
196	15389
196	16508
196	19488
197	243
197	5566
197	17390
198	7381
198	10158
198	11320
198	13585
198	17007
199	8763
199	10386
199	19969
200	6304
200	14169
201	1616
201	3160
201	4335
201	7599
201	8845
201	10177
201	10272
201	13586
201	14981
202	1759
202	1855
202	3243
203	869
203	2142
203	5037
203	7277
203	7783
203	9359
204	2276
204	6446
204	8035
204	11330
204	15443
205	177
205	14446
205	17066
205	19049
206	1878
206	3552
206	3758
206	6228
206	12573
206	18165
207	5811
207	13930
207	15066
208	490
208	3845
208	4505
208	6058
208	14524
209	9472
209	13971
209	15098
210	87
210	3117
210	10338
210	12046
211	1883
211	10334
211	17833
211	18616
211	19617
212	3704
212	3924
212	6850
212	8393
212	14212
213	811
213	1668
213	2660
213	10777
213	13817
213	14337
213	19321
214	720
214	1357
214	11410
214	19708
215	4995
215	10866
215	18704
215	19498
216	3441
216	4426
216	14673
217	3263
217	8143
217	10662
217	15711
217	16955
218	3692
218	7338
219	970
219	4080
219	9761
219	11935
219	14462
219	15987
220	2261
220	11971
220	16014
220	16363
220	18964
221	7543
221	8716
221	8829
221	12864
222	2424
222	11227
222	13405
222	15601
222	17912
222	19842
223	158
223	2661
223	4751
223	12815
223	14818
223	17242
224	1446
224	2196
224	7279
224	8397
225	9940
225	12723
225	15509
225	16248
226	15039
226	18274
227	9037
227	13401
227	18393
228	1258
228	1834
228	3041
228	6457
228	6594
228	6907
228	7611
228	14688
229	2347
229	2732
229	2770
229	5009
229	7974
229	18700
230	5954
230	10716
230	14757
231	5261
231	6105
231	13852
231	14655
232	2687
232	11598
232	13469
232	17549
233	1340
233	6727
233	9646
233	11025
233	18131
234	7007
234	8486
234	11436
234	11735
234	12027
234	17309
235	1766
235	2612
235	2869
235	9592
235	14813
236	4231
236	4327
236	10946
236	12890
237	5842
237	19043
238	1209
238	5640
238	6578
238	7233
238	7311
238	12098
238	18386
239	2689
239	5146
239	5584
240	2460
240	4019
240	4654
240	16195
240	18488
241	3703
241	7154
242	1306
242	8378
242	15417
242	16127
242	18661
243	4526
243	4963
243	8096
243	12336
243	15367
244	191
244	5005
244	7498
244	8788
244	10509
244	18483
244	18948
245	3267
245	9049
245	9930
245	10743
245	12363
245	19564
246	80
246	1658
246	11776
246	13038
246	15666
246	16146
247	3838
247	10419
247	12113
247	19365
248	4714
248	4872
248	7642
248	9078
248	9747
248	16657
249	2616
249	4257
249	7193
249	10768
249	11120
249	18180
250	1439
250	8134
250	9252
250	9506
250	13050
250	17700
251	1041
251	2254
251	7109
251	19552
251	19712
252	578
252	5711
252	8156
252	19582
253	1560
253	4723
253	5719
253	5931
253	10436
254	4343
254	8639
255	5447
255	15243
255	17896
256	725
256	4375
256	10011
256	11523
257	2876
257	3000
257	4264
257	6829
258	12551
258	13222
258	17101
258	18590
258	19951
259	2828
259	3159
259	5098
259	7385
259	7989
259	8075
259	8532
260	1368
260	9765
260	11494
260	11814
260	16453
260	18111
261	724
261	1507
261	2852
261	3629
261	10760
261	11553
261	13350
261	16369
262	974
262	4642
262	6650
262	13042
263	14119
263	16571
263	17231
264	3653
264	8574
264	10842
264	11864
264	13465
264	19431
265	6923
265	10006
265	19986
266	2874
266	6663
266	8744
266	8787
266	17329
266	17596
266	19804
267	15
267	250
267	1831
267	2074
267	8437
267	10519
267	13403
268	5190
268	5477
268	5528
268	6497
268	8159
268	14680
268	15581
269	12316
269	13681
270	3381
270	3644
270	7735
270	10890
270	12483
270	13876
270	14631
270	16542
270	18161
271	1949
271	2132
271	3066
271	10805
272	3559
272	10094
272	15087
272	15484
272	19118
273	1382
273	3798
273	5050
273	7035
274	4131
274	6905
274	10933
274	15375
274	16335
274	17287
275	11495
275	11651
275	11733
276	3804
276	13349
277	6302
277	11581
278	2297
278	4101
278	15307
278	15337
279	6401
279	11319
279	18088
280	1232
280	2362
280	5607
280	7238
280	7578
281	987
281	2227
281	2705
282	1614
282	10142
282	10578
282	11079
282	12695
282	19898
283	284
283	1726
283	8973
283	9350
283	9613
283	14280
283	17973
284	2064
284	4151
284	9409
284	11483
284	13551
284	15629
285	3938
285	9036
285	12094
285	16683
286	9457
286	12180
286	17301
287	474
287	3859
287	4409
287	13801
288	1218
288	4328
288	17592
289	4196
289	6757
289	7771
289	14103
289	15547
289	16442
290	5152
290	9054
290	10641
290	14299
290	15143
290	16175
290	16735
290	19956
291	3062
291	8062
291	8307
291	8371
291	11040
291	12765
291	18894
292	8119
292	8491
292	9617
292	10448
292	11248
292	13231
293	3126
293	19237
294	2098
294	4170
294	6382
294	10894
294	17543
294	18484
295	2859
295	6778
295	10412
295	16271
295	18832
296	760
296	1362
296	4150
296	8157
296	15162
297	60
297	6476
297	7880
297	13706
297	14051
298	4163
298	6870
298	14746
298	16353
298	18931
299	5254
299	7691
299	9112
299	17624
299	19831
300	4487
300	10504
300	12823
300	17521
300	19477
301	988
301	2652
301	4557
301	6139
301	6392
301	7971
301	8058
301	10668
302	2685
302	4752
302	6564
303	1483
303	9562
303	9736
303	15441
303	15882
303	16844
304	1675
304	1832
304	10027
304	14532
304	15197
305	1870
305	2978
305	8185
305	8803
305	10246
305	11679
306	948
306	2429
306	2532
306	5198
306	6831
306	15362
306	15720
306	19907
307	2348
307	6100
307	9077
307	17958
308	7623
308	12778
308	13029
308	13574
308	13870
308	14377
308	15470
309	2183
309	5303
309	5907
309	9102
309	10616
310	5188
310	6427
310	14679
310	17120
310	19167
311	650
311	1238
311	10774
312	5042
312	7597
312	9813
312	10800
312	11230
312	17880
313	3394
313	11213
313	15275
313	16390
313	18632
314	1781
314	10103
314	12269
315	2151
315	3790
315	7768
315	10048
315	10929
316	697
316	1115
316	1160
316	11133
316	12642
316	19392
317	9779
317	13413
317	14189
317	18723
317	19567
318	5153
318	7234
318	7567
318	11249
318	15177
318	16758
319	1758
319	10028
319	10378
319	19621
320	1838
320	5543
320	9266
320	18932
321	1032
321	1180
321	3774
321	5969
321	6518
321	6691
321	8540
321	19316
322	2315
322	6531
322	13875
323	286
323	540
323	5227
323	5940
323	6149
323	9023
323	16490
323	16576
324	583
324	1293
324	4816
324	8821
324	9980
324	10489
324	18695
324	19704
324	19989
325	1139
325	1394
325	7674
325	12204
325	12628
325	19449
326	3328
326	5115
326	14362
326	17038
326	18957
327	2117
327	2156
327	8753
327	10945
327	12549
328	4290
328	8927
329	6044
329	9711
330	7241
330	9719
330	16351
330	19574
331	82
331	5715
331	14436
331	14599
331	17708
331	18762
331	18918
331	18923
332	893
332	6576
332	7262
332	9332
333	3104
333	7713
333	9185
333	11371
333	15513
333	18237
333	18972
333	19183
334	1684
334	12913
334	17519
335	3882
335	8978
336	3324
336	4806
336	11284
337	9370
337	14988
337	16039
337	18634
338	390
338	8548
338	10010
338	11105
338	12122
338	13908
338	15784
338	17838
338	18622
339	350
339	5835
339	8800
339	13617
339	14031
340	789
340	4338
340	5212
340	5508
340	11623
340	13517
340	16388
341	3612
341	4010
341	4959
341	7325
341	8109
342	1571
342	4217
342	7008
342	10867
342	15541
342	19519
343	5735
343	7810
343	9838
343	15403
343	16384
343	16748
343	17847
344	3161
344	6527
344	19364
345	4041
345	6257
345	7245
346	1212
346	2804
346	6847
346	11255
346	16919
347	351
347	6289
347	6806
347	7287
347	9411
347	11989
347	13384
347	17308
348	1290
348	2555
348	3099
348	7555
348	11826
349	5747
349	13676
349	16043
349	18555
350	4945
350	13616
350	14969
350	16744
350	17207
351	3235
351	7094
351	14174
351	15129
351	15919
351	17107
351	18573
352	1964
352	5388
352	7793
352	14429
352	16347
352	17710
353	3200
353	11316
353	13227
353	15900
353	18830
353	19452
354	1528
354	13006
354	16498
355	3567
355	5608
355	7727
356	587
356	1731
356	4531
356	6334
356	12467
356	12945
357	3415
357	9364
357	11601
358	7918
358	16912
358	19647
359	3131
359	3708
360	690
360	7228
360	10725
360	12664
360	12872
360	14908
360	18908
361	618
361	1937
361	4185
361	6210
361	15356
361	19162
362	1487
362	15008
363	188
363	5654
363	5773
363	6517
363	13325
363	16942
363	19020
364	1782
364	5076
364	16238
364	17831
365	5740
365	8480
365	14447
365	16019
365	16515
365	17529
365	19883
366	649
366	8161
366	8334
366	9768
366	11500
367	3454
367	4113
367	5708
367	7723
367	8519
367	11584
367	13636
367	14115
368	1326
368	2788
368	4519
368	17466
369	1762
369	3485
369	4994
369	11985
369	13215
369	15421
370	1452
370	2301
370	4154
370	15583
370	17723
370	18325
371	2416
371	2815
371	9187
371	16731
372	2335
372	8894
372	9296
372	12593
372	17237
372	18617
373	16221
373	16400
373	17013
374	6049
374	15000
375	9817
375	11906
375	14590
375	16630
375	18311
376	2767
376	5958
376	10892
376	18068
377	1604
377	6177
377	6464
377	14468
378	7966
378	10949
378	13387
378	17079
378	19984
379	4874
379	15034
379	16603
380	9123
380	17511
380	18702
381	5728
381	13449
381	14295
381	19876
382	2207
382	4399
382	17186
383	5941
383	10715
383	12401
383	13039
383	13116
383	14166
384	7851
384	8586
384	10633
384	16573
384	18745
385	3384
385	6337
385	6630
385	8610
385	14938
385	15853
385	19178
386	611
386	968
386	10306
386	11774
386	16733
387	4978
387	6628
387	9015
387	9965
387	15426
387	16076
387	19194
388	3650
388	4291
388	5197
388	10794
388	18398
389	2601
389	4029
389	14470
389	15092
389	18566
389	19100
390	7598
390	8338
390	13080
390	13442
390	16668
390	16816
390	16894
390	17140
391	977
391	14315
391	14389
391	16090
392	1842
392	5779
392	6279
392	15431
393	11635
393	14504
394	2586
394	2858
394	10697
394	17469
395	5129
395	7588
395	13321
395	16180
396	2499
396	4739
396	8900
396	12005
396	13446
396	14404
396	14952
397	2155
397	8262
397	8313
397	13678
397	14726
397	16892
398	76
398	4681
398	5127
398	5517
398	19576
399	883
399	5592
399	8216
399	8997
399	10311
399	10583
400	231
400	1345
400	2324
400	12907
401	499
401	1688
401	10182
401	11140
401	11965
401	18660
402	774
402	7342
402	8986
402	9634
403	380
403	2528
403	5034
403	17492
404	4
404	4610
404	6187
404	13183
405	6814
405	17360
405	17574
405	19730
406	1335
406	3686
406	9442
406	11267
406	11997
407	4586
407	7885
407	8621
407	17241
408	4823
408	15978
408	16478
408	16482
408	16617
408	17502
409	4753
409	6706
409	6761
409	8016
409	11223
409	13739
410	728
410	5609
410	13106
411	314
411	472
411	1191
411	1538
411	7682
411	17112
411	18326
411	19303
412	2182
412	9042
412	10336
412	17028
412	17728
412	17771
413	3227
413	5041
413	5238
413	12135
413	13611
414	9202
414	9475
414	13083
414	16491
414	18000
414	18369
415	5483
415	11610
415	15444
415	16616
415	16774
416	8059
416	12129
416	12167
416	16723
417	8825
417	19107
418	2633
418	7890
418	12076
418	14271
418	17988
419	423
419	975
419	2066
419	6534
419	9024
419	9776
420	180
420	1489
420	2387
420	3916
420	9164
421	1271
421	4469
421	12579
421	16846
421	17882
422	9267
422	12829
422	15600
422	15862
422	17204
422	17684
423	4314
423	5983
423	6666
423	9291
423	14883
423	19982
424	1677
424	4768
424	18503
425	1503
425	5909
425	17635
425	19835
426	3701
426	5942
426	13234
426	14628
426	17292
426	18145
427	3681
427	5372
427	14060
428	359
428	2843
428	5201
428	5987
428	10812
428	13409
429	2265
429	12186
429	13443
429	13765
429	14837
429	17264
429	17566
429	19369
430	1519
430	6903
430	13025
430	19046
431	8976
431	12672
431	15667
431	16632
431	17243
431	17340
432	2947
432	5911
432	9971
432	11951
432	13193
432	13873
432	14948
432	18454
433	7826
433	8998
433	10132
433	11144
433	12788
434	854
434	8936
434	9925
434	14099
434	16936
435	3145
435	4108
435	4459
435	14124
435	14536
436	13919
436	15146
437	2755
437	8281
438	1957
438	9020
438	9483
438	15732
439	2950
439	6960
440	2005
440	7511
440	9151
440	9783
440	10320
440	11333
440	18103
441	1557
441	5656
441	17698
442	7459
442	10268
442	14275
442	15084
442	17214
443	1596
443	3789
443	6769
443	7556
443	8264
443	10067
443	11145
443	19125
444	5792
444	6314
444	7877
445	1282
445	4453
445	9665
445	9674
445	11332
445	13264
445	19487
446	331
446	1806
446	7079
446	11378
446	13884
446	15001
446	15917
447	848
447	14211
448	2579
448	9874
448	13244
448	17526
449	4376
449	5527
449	6277
449	6338
449	6452
449	7726
449	12491
449	19468
450	5074
450	17274
450	19081
450	19101
451	2835
451	8535
451	12738
452	4324
452	4921
452	5138
452	7670
452	17031
452	18097
453	3185
453	3602
453	8859
453	9321
453	14110
453	15042
454	2818
454	3921
454	4202
454	12130
454	13806
454	14992
454	15997
454	16018
454	16732
455	12606
455	13152
455	14671
455	19018
456	958
456	15349
457	2149
457	2257
457	8687
458	3638
458	3854
458	9425
458	10581
458	10948
458	15676
458	19660
459	7073
459	16410
459	17337
459	17785
460	1734
460	7959
460	8046
460	9963
460	13459
460	19928
461	2758
461	3683
461	16479
461	17779
462	6315
462	13021
462	13380
462	16645
462	17546
463	395
463	1917
463	10274
463	10646
463	14130
463	17478
464	11078
464	17600
465	3438
465	5845
465	6247
465	8600
465	12528
465	16611
466	1421
466	2070
466	3960
466	9397
466	10230
466	11374
467	5484
467	7660
467	8789
467	13410
468	3386
468	3831
468	4647
468	14735
469	10468
469	12240
469	18445
470	5865
470	6862
470	13515
470	14192
470	14364
470	17830
470	18856
471	4650
471	8355
471	14267
471	14553
472	571
472	2333
472	7248
472	10400
473	2520
473	2957
473	5038
473	15905
474	693
474	4165
474	6345
474	13399
474	16832
475	2190
475	10701
475	11703
475	12869
475	14546
476	487
476	1239
476	4228
476	9957
476	12047
476	17855
476	19673
477	876
477	16141
477	16411
478	5891
478	18118
478	18471
478	19128
478	19179
479	2600
479	7823
479	19060
479	19332
480	2381
480	5263
480	11787
480	16031
480	16893
480	17153
481	8573
481	9328
481	9743
482	1543
482	3114
482	7406
482	15065
482	15951
482	17157
483	7731
483	9950
483	11751
483	14668
483	16184
484	2349
484	4346
484	16667
484	18335
484	19812
485	2970
485	16093
486	10377
486	12744
486	15342
487	1552
487	4834
487	5351
487	5466
487	8538
487	18899
488	1701
488	6459
488	8953
488	10166
488	12912
488	18419
488	19358
489	1403
489	4473
489	6519
489	15598
490	894
490	2584
490	8433
490	8711
490	13605
490	13787
491	3408
491	7402
491	8482
491	13832
491	16253
491	19192
492	11625
492	15151
492	15344
492	19797
492	19871
493	66
493	4222
493	6323
493	13270
493	17863
494	237
494	942
494	1030
494	3068
494	5863
494	11157
494	19166
495	4344
495	7415
495	10506
495	15406
496	4251
496	5834
496	9825
497	1225
497	4164
497	13058
497	14710
497	18018
498	3930
498	9853
498	9889
498	17548
498	17875
499	7839
499	7860
499	9616
499	17663
500	9895
500	10823
501	363
501	3851
501	7575
501	9383
501	9995
501	11614
501	16222
502	2373
502	4443
502	7947
502	8259
502	10269
503	1124
503	3979
503	5526
503	8551
503	8626
503	10902
503	14651
503	16243
503	17023
504	12537
504	16818
504	17061
504	18297
505	495
505	1222
505	3935
505	4082
506	9772
506	9927
507	8931
507	9430
507	10795
507	15227
507	18333
508	3090
508	6687
509	2259
509	4220
509	17192
509	19075
510	868
510	10969
510	11515
510	11778
510	16917
511	24
511	9709
511	10141
511	16682
511	17257
511	18845
512	2994
512	5899
513	7134
513	9609
514	279
514	19586
515	9079
515	9573
515	9917
515	14317
515	15794
516	3069
516	4115
516	8108
516	11087
516	12372
517	6160
517	7259
517	7319
517	19740
518	6535
518	7184
518	7607
518	7755
518	8130
518	19507
519	4478
519	9068
519	11554
519	17059
519	19258
520	9750
520	12828
520	15147
520	17480
521	1711
521	2060
521	3902
521	5018
521	5577
521	10014
521	18413
522	849
522	7829
523	8135
523	8298
523	9124
523	11275
523	14785
523	17165
524	5877
524	11879
524	14214
524	14741
525	3215
525	3355
525	7222
525	7712
525	8111
525	8160
525	10390
525	17986
526	2608
526	4472
526	5132
526	12719
526	17975
527	1647
527	2926
527	13364
527	14351
527	15428
527	17850
528	1530
528	4451
529	3725
529	4396
529	13961
529	18975
530	3474
530	8861
530	15952
530	18697
530	19923
531	2040
531	3182
531	7772
531	15230
531	15463
531	17182
532	9116
532	12137
532	14667
532	19979
533	325
533	3476
533	11027
534	3443
534	4600
534	15874
535	9434
535	9921
536	7258
536	12077
536	12811
536	16593
536	17541
536	19802
537	3137
537	13186
537	14241
537	19279
538	22
538	12019
538	19972
539	142
539	439
539	779
539	920
539	2054
539	18591
540	3792
540	6901
540	9286
540	15017
540	16831
540	17405
541	768
541	3957
541	5750
541	7266
541	17099
542	946
542	8242
542	15258
543	5497
543	5557
543	7666
543	9699
544	5560
544	5892
544	6042
544	8719
544	9309
544	16469
545	4435
545	6941
545	7069
545	7097
545	7893
545	11042
545	16185
545	18995
546	3346
546	3719
546	10488
546	10860
547	127
547	1803
547	2077
547	7286
547	7634
547	10490
547	10889
547	13422
547	15270
548	344
548	1411
548	10783
548	14831
549	5385
549	6211
549	10976
549	14082
549	15775
549	17086
550	26
550	16613
550	17427
550	19827
551	3504
551	7120
551	7268
551	7360
551	14799
552	9633
552	11600
552	13533
552	19518
552	19671
553	8139
553	15052
553	18991
554	3711
554	17014
554	18096
555	14846
555	17422
555	18286
556	628
556	6648
556	9715
556	14567
556	16094
557	681
557	908
557	5068
557	10947
558	5590
558	5672
558	8640
558	11262
559	1744
559	2073
559	8889
560	3863
560	3914
560	5063
560	7668
560	14380
560	19535
561	89
561	4817
561	6358
561	7845
561	11769
562	1692
562	10395
562	16840
563	2966
563	3613
563	8585
563	10920
563	13445
563	18357
564	183
564	586
564	12448
565	2357
565	2903
565	5457
565	5953
565	7515
565	11271
565	13250
566	922
566	2084
566	4090
566	5839
566	10723
566	12822
566	15360
566	19296
567	1242
567	19078
568	130
568	375
568	10731
568	13883
568	14508
568	16024
569	6
569	1173
569	11988
570	926
570	6834
570	11516
570	11700
571	2738
571	9169
571	12037
571	12404
571	16605
572	561
572	2438
572	5452
572	8985
572	19909
573	509
573	1959
573	3179
573	7972
573	10848
573	13237
573	18139
573	19005
574	10661
574	15697
574	18284
574	19735
575	1835
575	2423
575	6276
575	9628
575	12280
575	13418
575	18199
576	4100
576	7505
576	11947
576	12991
576	13179
577	2029
577	3341
577	8471
577	8898
577	9672
577	13093
577	14139
577	15127
577	17377
578	3259
578	7870
578	9455
579	2222
579	2420
579	3302
579	6020
579	8273
579	13013
580	3739
580	7777
580	10711
580	16198
581	2451
581	7512
581	18709
582	6714
582	12143
582	12795
582	14614
582	19470
583	2597
583	8428
583	9501
583	12169
583	12335
583	13563
583	18993
584	7404
584	8076
584	10398
584	16348
584	19698
585	2548
585	17090
586	1500
586	2417
586	13547
586	19766
587	4918
587	8804
587	14182
587	15425
587	18807
588	3077
588	3253
588	3835
588	11650
588	15779
588	16135
588	17968
588	18392
589	299
589	8023
589	15041
589	16837
590	294
590	2938
590	3102
590	7488
590	10710
590	17345
591	572
591	2721
591	10597
591	11737
591	12613
591	14194
591	19024
592	7526
592	13048
592	14554
592	14696
592	14899
593	5266
593	5775
593	14701
593	17092
593	18238
594	10516
594	19456
595	562
595	16038
596	3314
596	4188
596	12064
596	12704
596	12850
596	14355
596	15186
597	10411
597	14533
598	629
598	741
598	4282
598	10244
598	14703
598	16663
598	17105
599	1525
599	3934
599	5752
599	10740
599	11813
599	14773
599	15246
599	17680
600	1478
600	1985
600	7095
600	17053
601	1811
601	2800
601	8454
601	9391
601	12682
601	16551
602	4582
602	10261
602	15478
602	18296
603	7465
603	10575
603	10642
604	452
604	4102
604	5694
604	8708
604	18958
605	3493
605	3639
605	6266
605	11264
605	13489
605	18249
606	4776
606	14748
606	18016
606	19050
607	1473
607	9058
607	11666
607	16408
608	296
608	18692
609	701
609	9588
609	11611
609	14052
609	14862
610	3403
610	15545
611	3761
611	5331
611	6513
611	6640
611	11981
611	14058
611	16321
612	4454
612	6182
612	7872
612	7999
612	15297
613	5104
613	8029
613	11393
614	4889
614	7523
614	17137
614	18202
614	18354
615	4280
615	4990
615	14104
615	15766
615	17001
616	2508
616	3688
616	6226
616	11540
616	18130
617	3461
617	3887
617	6735
617	10262
617	11176
618	5777
618	13007
618	13717
618	14793
618	15521
618	19201
619	324
619	7370
619	14154
619	15566
619	15975
619	19852
620	568
620	1121
620	12092
620	12190
621	3300
621	16295
622	3414
622	6949
622	10684
622	15006
622	19668
623	3787
623	4325
623	5786
623	13996
623	15496
623	16063
623	17683
624	6268
624	8342
624	11047
624	14847
625	4059
625	5320
625	11466
625	11681
625	16801
626	6848
626	9522
626	16794
626	17720
627	1416
627	1874
627	5253
627	12170
628	332
628	4210
628	8391
628	10239
628	19548
628	19594
629	2803
629	4849
629	6893
629	8527
629	11179
629	17657
629	19404
630	2564
630	2832
630	15226
630	16901
631	414
631	10767
631	12158
631	12230
631	17593
631	19501
632	2572
632	3678
632	7324
633	1062
633	18645
634	7012
634	12553
634	19234
635	4416
635	6165
635	6945
635	12237
635	15207
636	2095
636	16227
637	281
637	1259
637	5622
638	7957
638	8772
638	17093
638	17954
639	1051
639	14494
640	3582
640	13247
641	9744
641	11191
642	4403
642	7392
642	12540
643	2813
643	3526
643	9465
643	11663
643	19084
644	4822
644	5503
644	9394
644	13188
644	16902
644	19810
645	409
645	7702
645	10418
645	15313
645	17223
645	19004
646	5801
646	7699
646	9390
646	15327
646	15655
646	15670
647	1220
647	5549
647	12206
647	12914
647	14123
648	63
648	6823
648	16054
649	252
649	2512
649	5862
649	11926
649	14208
649	17948
649	19627
650	2012
650	5628
650	9229
650	12398
650	15336
650	16764
650	19689
651	5407
651	6102
651	9657
651	10670
651	17380
652	1380
652	11999
653	6404
653	8662
653	12332
653	12377
653	18686
654	5082
654	5836
654	12392
654	19751
655	12846
655	15329
655	19026
656	3333
656	6014
656	7569
656	9217
657	1594
657	10877
657	11272
657	12013
657	12108
657	13505
658	3109
658	6656
658	10092
658	12770
658	14523
658	14767
658	18203
659	1641
659	1785
659	1890
659	9492
659	12729
660	392
660	7065
660	7076
660	13807
660	16868
660	17180
660	18961
661	1343
661	11775
662	5169
662	12157
662	12241
663	1853
663	5391
663	7516
663	9865
663	11536
663	14198
663	16717
664	623
664	2602
664	6254
664	15438
665	2393
665	9186
665	11934
665	14065
665	17638
665	19239
666	4996
666	6859
666	10060
667	1205
667	8097
667	13741
668	4045
668	19881
669	2243
669	7378
670	5255
670	5723
670	6377
670	7367
670	14378
671	2379
671	11670
671	14001
671	18655
672	396
672	7220
672	17860
672	18067
673	17319
673	19224
674	13011
674	13085
674	14227
674	17333
674	18344
675	5378
675	6585
675	15499
675	19528
676	3566
676	14848
677	803
677	7182
677	15125
677	17560
678	15304
678	15850
679	537
679	4311
679	4543
679	11629
679	12494
679	13128
679	17656
680	7910
680	13764
681	2419
681	8089
681	15815
681	19427
682	1546
682	4742
682	5075
682	5346
682	5926
682	13488
682	15700
682	16966
682	18411
683	1631
683	2645
683	13647
683	15734
683	18614
683	19662
684	4678
684	7929
684	12185
684	16684
684	18935
685	3295
685	3298
685	5096
685	10757
685	12963
685	17139
686	3306
686	9698
686	15260
686	16791
686	16821
687	116
687	4140
687	10144
687	10691
688	11153
688	11526
688	15364
688	15790
689	3444
689	4081
689	7253
689	19762
690	352
690	2487
690	9431
690	11329
691	5363
691	9081
691	18587
691	18760
692	1390
692	4901
692	7580
692	8941
693	2268
693	3584
693	8564
693	10599
693	11507
693	13683
693	16013
694	5119
694	10341
694	11942
695	11257
695	13393
696	503
696	5209
696	7584
696	8302
696	17334
697	5349
697	12961
697	14904
697	17556
698	1248
698	3467
698	13931
699	7987
699	12541
699	13667
700	1418
700	5231
700	6832
700	10565
700	14308
701	2567
701	5087
701	11194
701	17802
702	8138
702	11115
702	17489
702	19328
703	707
703	4512
703	4899
703	10962
703	14742
704	1116
704	2318
704	7161
704	7380
704	12868
704	19938
705	8622
705	12816
705	18428
706	2143
706	3541
706	9213
707	2506
707	7522
707	8609
707	8965
708	1663
708	9977
708	14084
708	19917
709	7537
709	9003
709	9238
709	12179
709	13252
709	16843
710	4181
710	11528
710	15946
710	16585
711	1997
711	2336
711	3043
711	6875
711	8418
711	9046
711	10531
712	5352
712	7919
712	7998
712	8501
712	8874
712	9275
712	12881
713	2412
713	16584
713	17868
714	949
714	1492
714	2144
714	5475
714	10113
714	10475
714	10750
714	13288
714	16790
715	1021
715	6134
715	9653
715	12252
715	12720
715	16697
716	6897
716	11788
716	12873
716	13938
716	14808
717	2774
717	10824
717	15345
717	16170
718	6690
718	9933
718	12960
718	13094
718	14993
719	4873
719	6755
719	7019
719	12688
719	14700
719	18882
720	3483
720	15134
720	15475
720	17258
720	17458
720	18104
721	3598
721	4233
721	6246
721	7818
721	10126
721	12985
722	5982
722	8116
722	9009
722	10532
722	10955
722	19212
723	1589
723	4825
723	6520
723	8026
724	750
724	7086
724	9714
724	11296
724	12691
724	15604
724	18208
725	7294
725	7427
725	8460
725	9595
725	11561
725	12138
725	16129
726	5251
726	6432
726	6956
726	14419
726	16558
727	4369
727	5002
727	8761
727	12136
727	14157
727	18040
727	18332
728	197
728	7327
728	9578
728	12629
728	18187
728	18405
729	7305
729	18561
730	1400
730	1748
730	2945
730	4242
730	8502
731	3866
731	7664
731	11928
732	7640
732	14597
732	18880
733	2150
733	19052
734	47
734	3342
734	6408
734	8398
734	17824
734	18733
734	18828
734	19072
735	818
735	4395
735	6797
735	11907
735	13672
735	15206
736	2090
736	5994
736	10639
736	12168
736	12567
736	17704
736	19670
737	860
737	3249
737	10602
738	2271
738	5432
738	11122
738	17851
738	19217
739	2314
739	14325
739	16940
740	2285
740	6090
740	15261
740	18028
741	5109
741	12598
741	15196
741	16842
742	674
742	4458
742	4970
742	10065
742	10198
742	15022
742	15216
742	17936
743	4235
743	5133
743	6011
743	13691
743	14612
743	14750
744	514
744	566
744	3003
744	3538
744	3815
744	4738
744	10178
744	18171
745	5696
745	7679
745	13615
745	14704
745	18361
746	853
746	3853
746	6608
746	13342
746	14769
746	17365
747	3647
747	7997
747	13879
747	14341
747	15536
748	2230
748	4621
748	8347
748	13020
748	13659
748	13953
749	4622
749	8844
749	10548
750	5536
750	8648
750	9368
750	10550
750	13504
750	13794
750	15966
750	18627
750	18795
751	2719
751	7091
751	7563
751	10586
751	10619
751	14396
751	17296
752	2043
752	8816
752	14491
752	16783
753	119
753	11226
753	12762
753	13859
753	15922
753	16254
754	2653
754	6241
754	14314
754	18151
754	18798
755	1800
755	9331
755	12049
755	17330
756	669
756	4206
756	8932
756	11783
756	12898
756	17582
757	993
757	1328
757	4105
757	5298
757	6920
757	16898
757	17359
757	17871
758	2821
758	4069
758	7195
758	9549
758	11392
759	610
759	8483
760	5322
760	11784
760	13001
760	17655
761	2560
761	5361
761	19301
761	19635
762	3589
762	7541
762	10636
762	14864
762	15109
763	2566
763	11604
763	18453
763	18507
764	1376
764	3974
764	8278
764	11024
764	12145
764	18291
764	18492
765	3031
765	6218
765	13989
765	14205
765	19425
766	6142
766	6815
766	14589
766	15214
767	1316
767	9951
767	10478
767	10956
768	1284
768	2563
768	3991
768	10366
768	14250
768	16864
769	9006
769	18952
770	2877
770	4969
770	8254
770	9893
770	11276
771	0
771	6099
771	13969
771	14702
772	7559
772	11449
773	6190
773	18919
774	806
774	2087
774	10522
774	13662
774	13893
775	12476
775	15967
775	16643
775	19588
776	1817
776	2496
776	5623
776	7162
777	2116
777	4255
777	4946
777	5542
777	6843
777	7650
777	9182
778	2418
778	8381
778	9281
778	10257
778	11512
778	14682
779	1456
779	7092
779	8856
779	17554
780	2706
780	7438
780	9730
780	9961
780	19346
781	6788
781	7844
781	11568
781	16065
781	17955
782	307
782	5208
782	6199
782	6597
782	17650
782	18414
783	1802
783	3800
783	10994
783	14222
783	19684
784	1912
784	2698
784	9172
784	9626
785	4691
785	10576
785	16405
786	4779
786	6632
786	9348
786	14423
786	19765
787	2079
787	8651
787	9384
787	12452
787	13775
787	14235
788	10445
788	14370
788	14638
789	4294
789	7631
789	10279
789	15561
789	16689
790	1916
790	6877
790	9712
790	11017
790	14427
791	7863
791	10544
791	18447
791	18804
792	10536
792	11375
792	13182
792	16188
792	17205
793	1195
793	1379
793	3135
793	7053
793	7517
793	11396
793	11818
793	13096
794	1399
794	1952
794	14363
794	15584
795	306
795	2896
795	13687
796	4452
796	10573
797	3926
797	9464
797	9862
797	16045
798	748
798	4225
798	5158
798	9916
798	11339
798	17270
798	19137
799	637
799	698
799	8310
799	8917
799	13014
799	17571
799	17938
800	2545
800	4562
800	6188
800	11484
800	14069
800	17428
801	5309
801	5641
801	14036
802	5554
802	9403
802	9515
802	10981
803	7110
803	7763
804	676
804	7461
805	6818
805	7131
805	15351
805	19432
806	4361
806	15542
807	2998
807	5572
807	6642
807	6819
807	11759
807	16847
808	4418
808	12228
808	12611
808	15160
808	15990
809	8353
809	11889
809	13835
809	15110
809	16409
809	18047
810	9133
810	14202
810	17225
811	4568
811	4840
811	11860
811	16048
811	18861
812	2216
812	9718
812	14147
812	15768
813	2715
813	4174
813	10061
813	12301
813	12917
813	13478
814	5810
814	11143
814	14183
814	16747
814	17156
814	17417
814	17709
814	18609
815	6379
815	18814
815	18829
816	2353
816	4541
816	4773
816	9017
816	18066
816	19878
817	1865
817	4694
817	14343
817	14790
817	17167
818	2133
818	8268
818	9135
818	11923
818	13651
818	14658
818	16178
818	18710
819	1285
819	3141
819	6450
820	1938
820	6232
820	9808
820	10493
820	15511
820	17608
821	2849
821	5307
821	6250
821	7508
821	10934
822	12395
822	13808
822	14420
822	17589
823	6095
823	13189
823	16514
824	642
824	4841
824	6047
824	8233
825	2137
825	3061
825	4073
826	2225
826	3874
826	5599
826	18954
826	19710
827	123
827	7591
827	11544
827	11695
828	463
828	5249
828	8439
828	14379
828	16338
828	19697
829	317
829	4091
829	5544
829	8362
829	12059
829	12220
830	2405
830	3785
831	3459
831	6861
831	13773
831	14766
831	19661
832	8668
832	10416
832	11817
832	19961
833	165
833	1885
833	1896
833	9935
834	1630
834	14511
834	14663
834	18978
835	2827
835	7819
835	9356
835	10284
835	10625
835	16755
835	17769
835	18731
836	8468
836	13309
836	15341
837	1350
837	2773
837	4021
837	4439
837	9257
837	12947
837	15959
837	17114
838	1741
838	8425
838	9701
838	9821
838	11090
838	12531
838	14851
838	15970
839	4017
839	8589
839	10110
839	10206
839	14713
839	15634
839	16655
839	16736
839	19208
840	245
840	5430
840	5993
840	7560
840	13109
840	13638
840	17913
840	19285
841	3662
841	4391
841	10404
842	2857
842	18360
843	3779
843	9878
843	10787
843	14095
843	15316
843	16918
844	2322
844	7274
844	8179
844	14652
845	6892
845	12677
845	15150
845	16025
846	5995
846	11885
846	17960
847	2479
847	3551
847	12972
847	12974
847	13003
847	19681
848	6137
848	7137
848	7520
848	12526
848	15519
848	16659
848	19270
849	7934
849	12303
850	1378
850	4663
850	8071
850	12814
850	16282
850	16356
851	5730
851	16792
851	18225
852	8288
852	11964
853	7982
853	8912
853	13610
854	4437
854	4583
854	5804
854	8005
854	9435
854	19119
855	2539
855	3976
855	7170
855	11634
855	12459
855	12791
856	4092
856	15530
856	16114
856	18091
856	19462
857	2433
857	10857
857	11306
858	1391
858	1540
859	6336
859	11201
859	11560
859	12035
859	15824
859	17451
860	700
860	11182
860	11207
860	11286
860	11513
860	16711
861	4077
861	7651
862	69
862	2036
862	16103
862	18670
863	8121
863	11804
864	138
864	938
864	5990
864	12906
865	83
865	12115
865	19737
866	3998
866	8546
866	11933
866	12473
866	15346
867	1367
867	3251
867	7618
867	10001
868	7337
868	8236
868	12148
869	1472
869	11895
869	18877
870	12345
870	12648
870	18244
871	399
871	11673
872	8947
872	9905
872	10591
873	3358
873	6394
873	9346
873	9753
873	14893
873	16391
873	17753
874	2632
874	4035
874	8147
874	10326
874	13086
874	14172
875	1228
875	6087
875	11160
875	18827
875	19306
876	11340
876	16379
876	16854
876	18944
877	6343
877	12948
877	16062
877	17305
878	3571
878	6413
878	8811
878	13258
878	17654
879	639
879	874
879	1942
879	16030
879	17008
880	2915
880	8123
881	44
881	1869
881	11150
881	17307
881	19262
882	1570
882	7289
882	8189
883	7549
883	9859
883	10223
883	19560
884	40
884	185
884	17369
884	19180
885	2473
885	5519
885	6399
885	6750
885	11486
885	11626
885	18261
885	19763
885	19777
886	1717
886	4584
886	8340
886	16301
886	19939
887	8710
887	12199
887	13433
888	900
888	4058
888	12995
888	16757
888	17444
889	4068
889	5236
889	11652
889	13596
890	963
890	2825
890	15064
890	16084
891	1434
891	3219
891	3958
891	5093
891	15701
892	1995
892	2109
892	9154
892	13269
892	13927
892	14406
892	15395
892	19232
893	1555
893	12669
893	13335
893	14707
894	3906
894	10589
894	16300
895	5459
895	14035
896	2710
896	2810
896	8295
896	10183
896	10786
897	4000
897	6928
897	11555
897	12370
897	13865
897	16569
898	7226
898	14714
898	14815
899	4973
899	7456
899	17583
900	4071
900	5435
900	5501
900	7144
900	16679
901	213
901	627
901	2551
901	16799
902	6113
902	6584
902	6665
902	15117
902	18902
903	1453
903	6280
903	6791
903	15653
903	19514
903	19722
904	10454
904	12210
904	19546
905	1679
905	2930
905	5051
905	6355
905	15027
905	15205
905	16540
905	17737
906	3389
906	3920
906	5224
906	13241
906	13429
907	5905
907	9371
907	10749
907	12734
907	14057
908	1107
908	3164
908	3502
908	3549
908	4238
908	4461
908	13601
908	14301
908	14591
908	16607
909	809
909	2908
909	11974
909	12096
909	12449
909	18430
910	8094
910	10738
910	12731
910	17049
911	2936
911	15565
911	18826
911	19337
912	997
912	8673
912	10149
912	13635
912	14873
912	16855
913	2739
913	5250
913	9555
913	10741
913	12002
913	14152
914	3187
914	7308
914	11721
914	14723
914	15821
915	1656
915	5118
915	6053
915	9739
916	5603
916	9412
916	16006
916	16833
916	17486
916	18276
917	3727
917	3911
917	4870
917	10373
917	11407
917	13771
918	8203
918	11110
918	19122
919	940
919	5203
919	15525
919	15898
920	3513
920	4004
920	5121
920	5807
920	9631
920	19473
920	19641
921	12557
921	15567
921	17522
922	4099
922	7093
922	18265
923	600
923	1146
923	3706
923	6542
923	14450
924	144
924	1458
924	1521
924	3155
924	3956
924	4646
924	18035
925	3729
925	12333
925	15780
925	18687
926	2887
926	3925
926	11082
926	18606
927	7764
927	9109
927	9967
927	15827
928	5291
928	6968
928	7269
928	12085
928	16885
928	18331
929	4799
929	5688
929	6110
929	8623
929	18536
930	2542
930	3568
930	3842
930	4605
930	11873
931	8946
931	9561
931	11364
931	11381
931	14148
931	17279
932	501
932	3063
932	3190
932	5985
932	7817
932	10302
932	13942
933	1696
933	19788
934	5221
934	9206
934	12414
934	18793
934	18943
935	837
935	2052
935	3985
935	4777
935	4876
935	5702
935	12512
935	13386
935	15839
936	7665
936	10564
936	10620
936	10854
936	11819
936	12359
937	2493
937	4444
937	16556
937	17590
938	4721
938	6267
938	9315
938	13382
938	13709
938	14440
938	14959
938	15099
939	3507
939	4195
939	11084
939	18822
940	1058
940	7493
940	9094
940	17603
940	18418
941	2241
941	6227
941	10685
941	12432
941	16042
942	734
942	6326
942	17490
943	843
943	7191
943	12207
943	14037
943	14080
943	14624
943	17894
943	17953
943	19403
944	6240
944	10052
944	18310
945	3449
945	4715
945	7782
945	15471
945	18945
945	19706
946	3744
946	7345
946	10858
946	14585
946	17584
947	1396
947	2121
947	5410
947	11696
947	12652
947	16690
947	19038
948	8054
948	8458
948	10074
948	12334
948	18421
949	3917
949	8180
949	8879
949	11352
949	15231
949	19607
949	19950
950	2293
950	3383
950	4384
950	4832
950	5431
950	9956
951	6672
951	14542
952	3981
952	11464
952	12329
952	17672
952	19983
953	9620
953	17098
953	19779
954	311
954	7281
954	13573
954	16495
954	18741
954	18898
955	6659
955	12119
955	15785
955	17248
956	1436
956	2490
956	4971
956	12859
956	18127
956	18565
956	18789
956	19453
956	19581
957	2854
957	6649
957	10822
957	13669
958	1333
958	4167
958	11619
958	14520
958	16746
958	19705
959	5904
959	7636
959	14961
960	11579
960	12999
961	1547
961	1548
961	11147
961	17016
961	18571
962	458
962	3217
962	4731
962	14843
963	2432
963	5462
963	9567
963	13784
963	15016
963	17040
964	3519
964	4626
964	17832
965	1125
965	1392
965	2050
965	7464
965	14430
965	17942
966	3039
966	7043
966	12641
966	13657
967	4482
967	9171
967	11258
967	11353
967	15108
967	19134
968	1113
968	17689
969	4608
969	11450
969	13078
969	14943
969	16269
970	624
970	1799
970	7797
970	9220
970	15718
971	2769
971	3636
971	5597
971	13067
971	14229
972	108
972	460
972	4703
972	4766
972	10385
972	11235
972	16199
972	18706
973	1092
973	1551
973	6360
973	10435
973	13143
974	6091
974	6295
974	18980
975	1998
975	2582
975	3988
975	7025
975	8840
975	16647
975	18390
976	2289
976	3107
976	3942
976	8866
976	9274
976	18359
977	5900
977	10681
978	5700
978	15271
978	17501
979	6598
979	7781
980	579
980	2422
980	2529
980	4668
980	6752
980	10068
980	14792
980	16772
981	1523
981	8841
981	18025
982	5302
982	9349
982	12680
982	14144
982	19859
983	1639
983	10851
983	12116
983	19545
984	5910
984	11858
984	14068
984	14946
984	14968
984	16460
985	2593
985	2934
985	3136
985	3468
985	4551
985	6492
985	18959
986	313
986	1231
986	7460
986	8178
986	9445
986	16291
987	1636
987	3322
987	3720
987	6363
987	9008
987	18055
988	8424
988	13513
988	13755
988	19609
988	19826
989	870
989	13255
989	14159
989	16817
990	2004
990	11492
990	14705
991	3575
991	7513
991	9668
991	15909
992	2771
992	9090
992	11590
992	12620
992	15903
993	3749
993	8566
993	9587
993	17455
994	4893
994	6299
994	10082
994	15901
994	19575
995	717
995	2543
995	12920
996	2552
996	6730
996	10034
996	17324
997	1077
997	3440
997	3806
997	3876
997	5595
997	12286
998	16
998	1200
998	4208
998	5631
999	923
999	4662
999	8579
999	19952
1000	6256
1000	6808
1000	7372
1000	12050
1000	14133
1000	19532
1001	2856
1001	3539
1001	16570
1001	16932
1002	769
1002	5418
1002	5561
1002	11023
1002	15907
1002	17280
1002	18831
1003	7418
1003	11370
1004	1440
1004	6607
1005	1608
1005	2148
1005	8172
1005	17129
1005	18578
1006	97
1006	2264
1006	5380
1006	12073
1006	19329
1007	4549
1007	6639
1007	8069
1007	13348
1007	18694
1008	1358
1008	10688
1008	13141
1009	15318
1009	19245
1010	367
1010	1686
1010	9118
1011	729
1011	3625
1011	7128
1011	12981
1011	13915
1012	633
1012	1270
1012	2458
1012	7393
1012	7965
1012	14401
1012	15699
1012	16234
1012	19215
1013	6375
1013	7941
1013	13948
1013	18264
1014	13167
1014	18053
1015	831
1015	862
1015	1946
1015	3841
1015	15412
1016	1520
1016	2326
1016	5799
1017	2713
1017	3290
1017	4935
1017	14564
1017	15111
1017	16839
1018	6979
1018	9204
1018	11980
1018	13830
1018	16034
1018	17996
1019	1732
1019	5333
1019	6733
1019	6895
1019	8487
1019	11155
1019	12131
1019	19741
1020	953
1020	2410
1020	9450
1020	16017
1020	16393
1021	7387
1021	12163
1021	13516
1021	15627
1022	576
1022	6041
1022	13016
1022	13965
1022	16879
1023	1283
1023	1891
1023	4813
1023	10278
1023	13858
1024	827
1024	7846
1024	11049
1024	12102
1024	17210
1025	1296
1025	5311
1025	7423
1025	8429
1025	12807
1025	17343
1026	5490
1026	7405
1026	7975
1026	11914
1026	13987
1026	14600
1026	15965
1026	19095
1027	12507
1027	19650
1028	5345
1028	5992
1028	6173
1028	11794
1028	17506
1028	19019
1029	1920
1029	3846
1029	4265
1029	4480
1029	16373
1029	17446
1030	4197
1030	8171
1030	8346
1030	11960
1030	19760
1031	1506
1031	3478
1031	3941
1031	4780
1031	6016
1031	13696
1031	16355
1032	3309
1032	6919
1032	7239
1033	2951
1033	5189
1033	16956
1034	3433
1034	9879
1034	13290
1034	16931
1035	1123
1035	2312
1035	8017
1035	18942
1036	1464
1036	9250
1037	2270
1037	2720
1037	5790
1037	10285
1037	12068
1037	15176
1038	1815
1038	2977
1038	18784
1038	19691
1039	6111
1039	14770
1039	16994
1040	1078
1040	2120
1040	2169
1040	5237
1040	15454
1040	19202
1041	2714
1041	3044
1041	7639
1041	8822
1041	10101
1041	15962
1042	2606
1042	5870
1042	12820
1042	13165
1042	17485
1043	5072
1043	6347
1043	15378
1043	18182
1044	200
1044	1402
1044	3588
1044	5193
1044	10304
1044	14895
1045	291
1045	2240
1045	4321
1045	8451
1045	18387
1046	3655
1046	8369
1046	15651
1046	19849
1047	6997
1047	7983
1047	10005
1047	10255
1047	13002
1048	3193
1048	17749
1049	374
1049	1082
1049	1295
1049	6569
1049	15671
1049	19205
1050	4428
1050	13111
1050	13159
1050	13654
1050	17861
1051	947
1051	1276
1051	9584
1051	13365
1051	14503
1051	17805
1051	19017
1052	1664
1052	7922
1052	8235
1052	9115
1052	12740
1053	2208
1053	2627
1053	2889
1054	5556
1054	12492
1054	13293
1054	16118
1054	17435
1055	3072
1055	5095
1055	10608
1055	17302
1055	18100
1056	2839
1056	15235
1057	1678
1057	1746
1057	2039
1057	6708
1057	8247
1058	145
1058	4436
1058	8709
1058	13033
1059	1918
1059	6106
1060	251
1060	7585
1060	7925
1060	15753
1060	17491
1061	3262
1061	7562
1061	9166
1061	15830
1062	11193
1062	13330
1062	16510
1062	19554
1063	226
1063	2237
1063	4042
1063	4305
1064	7002
1064	7194
1064	9794
1064	10427
1064	13722
1064	15141
1064	17116
1064	19418
1065	4803
1065	11855
1065	17806
1066	7118
1066	15192
1066	17642
1066	18076
1067	3360
1067	3691
1067	9074
1067	9443
1068	1182
1068	2922
1068	6927
1068	11021
1068	12951
1068	13299
1069	382
1069	2311
1069	16327
1070	6955
1070	7954
1070	11103
1070	15544
1071	8271
1071	8862
1071	9156
1071	11231
1072	1132
1072	2639
1072	16492
1072	18866
1073	1822
1073	7068
1073	8396
1073	18535
1073	19319
1073	19474
1074	3173
1074	9417
1075	8284
1075	16288
1075	19799
1076	6758
1076	8692
1077	7362
1077	7425
1077	9376
1077	10104
1077	16612
1078	4025
1078	13613
1079	12622
1079	15756
1079	15993
1079	18146
1080	16963
1080	18158
1081	4581
1081	7976
1081	10180
1082	3801
1082	6352
1082	9298
1082	12279
1082	14902
1082	19555
1083	5024
1083	16726
1084	3463
1084	6996
1084	7790
1084	17565
1085	5329
1085	17756
1085	19416
1086	533
1086	6028
1086	8042
1086	13530
1086	16782
1086	17041
1086	17459
1086	17572
1086	17703
1087	1725
1087	6784
1087	9703
1087	10157
1087	17610
1087	17746
1088	13004
1088	13326
1088	14322
1088	18142
1089	3807
1089	5741
1089	13098
1089	13266
1089	18550
1089	19083
1090	34
1090	524
1090	4974
1090	9540
1090	11557
1090	11745
1090	15881
1090	17563
1090	19280
1091	2058
1091	9174
1091	14193
1092	8956
1092	11549
1092	12216
1093	5920
1093	6032
1093	6514
1093	13970
1094	2017
1094	2968
1094	7671
1094	9034
1094	14514
1094	17050
1095	542
1095	6272
1095	8592
1096	589
1096	2159
1096	7369
1096	8689
1096	16740
1096	17891
1096	19139
1097	4828
1097	7320
1097	10071
1097	14833
1097	19186
1098	2123
1098	3721
1098	4499
1098	16519
1098	17353
1099	160
1099	18115
1100	484
1100	1979
1100	7506
1100	8102
1100	9727
1100	17395
1100	17775
1100	18438
1101	1302
1101	1427
1101	2071
1101	6798
1101	10535
1101	18337
1101	18850
1102	416
1102	1233
1102	3699
1102	10492
1102	11905
1102	18078
1103	258
1103	5888
1103	9013
1103	12418
1103	12717
1103	16249
1103	17523
1104	5213
1104	6275
1104	9111
1104	11134
1104	16116
1105	4930
1105	8330
1105	11558
1105	13494
1105	14934
1105	18780
1106	4573
1106	6071
1106	8106
1106	12006
1106	12908
1106	16621
1106	17425
1107	11522
1107	12833
1107	17252
1107	17605
1108	1256
1108	1797
1108	2554
1108	14171
1108	14177
1108	17142
1109	220
1109	496
1109	1095
1109	3334
1109	7374
1109	9717
1109	9842
1109	10482
1109	12412
1110	7535
1110	9740
1111	749
1111	7316
1111	8959
1111	12610
1111	13351
1111	19791
1112	333
1112	347
1112	4660
1112	9621
1112	19454
1113	3977
1113	4260
1113	14574
1114	582
1114	2398
1114	5957
1114	6789
1114	8195
1114	11461
1115	1924
1115	5975
1115	9269
1115	11328
1115	12708
1115	16685
1116	18
1116	406
1116	2461
1116	4808
1116	11312
1116	12202
1116	19516
1117	3694
1117	5676
1118	4920
1118	8246
1118	10124
1118	10330
1118	15420
1119	3382
1119	16933
1119	19317
1119	19781
1120	2513
1120	4371
1120	12633
1120	13587
1120	15765
1121	208
1121	1682
1121	6614
1121	10899
1121	11672
1121	18431
1121	18732
1122	3460
1122	4135
1122	8747
1122	8920
1122	13935
1123	1050
1123	8713
1123	11685
1123	12257
1123	18153
1124	5036
1124	5593
1125	401
1125	1680
1125	3813
1126	1033
1126	4404
1126	9456
1126	10936
1126	19500
1127	830
1127	9500
1127	13018
1127	13724
1127	13985
1127	19807
1128	667
1128	13455
1129	15526
1129	15630
1129	18517
1129	18688
1130	1892
1130	5533
1130	16133
1131	2972
1131	9237
1131	12340
1132	4877
1132	8204
1132	15047
1132	16218
1132	16546
1132	18280
1133	10886
1133	10910
1133	15606
1133	18046
1133	19667
1134	4509
1134	8423
1134	13082
1134	14930
1134	15979
1134	19966
1135	4838
1135	5732
1135	5830
1135	8162
1135	9344
1135	14480
1135	17644
1135	18603
1136	6658
1136	8982
1136	15390
1136	17436
1136	17803
1136	18172
1137	1422
1137	5621
1137	11487
1138	5674
1138	8867
1138	12638
1139	2918
1139	6889
1139	9097
1139	9681
1139	13963
1140	3312
1140	11772
1141	261
1141	10984
1141	11058
1142	6270
1142	6619
1142	19061
1143	1388
1143	3052
1143	3241
1143	10125
1143	10514
1144	2868
1144	2952
1144	3411
1144	6077
1145	2435
1145	7188
1145	8274
1145	8786
1145	18301
1146	1960
1146	2329
1146	8508
1146	8728
1146	9167
1146	9262
1146	14326
1147	4061
1147	5824
1147	13153
1147	13541
1147	18427
1147	18463
1147	19731
1148	2472
1148	6200
1148	7344
1148	15531
1148	15576
1148	15587
1149	14004
1149	18373
1150	3687
1150	6771
1150	8128
1150	11063
1150	13118
1150	14145
1151	2377
1151	3821
1151	7293
1151	8858
1151	10702
1151	12761
1151	15483
1152	7312
1152	7589
1152	10265
1152	12605
1153	4187
1153	5365
1153	10917
1153	15724
1154	267
1154	7038
1154	9478
1154	13360
1154	18924
1155	6070
1155	9095
1155	10503
1155	16841
1155	17941
1156	2021
1156	16497
1157	6860
1157	8056
1157	12946
1157	14258
1157	14855
1157	16200
1157	17311
1157	18996
1157	19225
1158	8249
1158	10219
1158	15181
1159	5612
1159	10507
1159	11709
1159	15964
1160	2580
1160	10428
1160	15865
1161	2292
1161	2624
1161	2817
1161	3864
1161	9374
1161	11521
1161	14014
1161	14168
1162	1820
1162	14240
1163	2153
1163	2358
1163	4285
1163	7436
1163	9559
1163	13090
1163	18448
1164	1482
1164	7213
1164	12294
1164	16383
1165	1581
1165	2157
1165	5921
1165	14643
1166	4755
1166	11433
1166	12166
1166	15692
1166	18057
1167	6865
1167	8526
1167	8883
1167	14101
1168	2912
1168	14718
1168	15115
1168	15747
1168	17616
1168	19990
1169	3722
1169	10895
1169	11743
1169	17048
1169	17807
1170	3319
1170	6260
1170	6319
1170	13666
1171	4211
1171	4492
1171	10350
1171	10408
1171	13614
1171	15416
1171	18696
1171	19082
1172	8120
1172	19190
1173	2165
1173	2812
1173	3186
1173	9459
1174	2200
1174	13416
1174	17060
1174	18878
1175	2304
1175	3175
1175	5334
1175	12858
1175	12885
1175	17479
1176	2820
1176	3045
1176	17678
1177	1700
1177	4811
1177	15534
1177	19104
1178	372
1178	5776
1178	11862
1178	16000
1179	4079
1179	12017
1179	12454
1179	19195
1180	1372
1180	6485
1180	15842
1180	18529
1181	3146
1181	4462
1181	7946
1181	11756
1181	13679
1181	14749
1181	15585
1182	8616
1182	14053
1182	14120
1182	18226
1183	10481
1183	14023
1183	15266
1184	4175
1184	8878
1184	8902
1184	9108
1184	14386
1184	18890
1185	10611
1185	13736
1185	15895
1185	18129
1186	3608
1186	4169
1186	5555
1187	5057
1187	10409
1187	16730
1187	19350
1188	1280
1188	2647
1188	2683
1188	12487
1188	17516
1189	3580
1189	11824
1189	13267
1189	14398
1190	1297
1190	5691
1190	10276
1190	10415
1190	15035
1190	17669
1191	8441
1191	9660
1191	11481
1191	12053
1191	14841
1192	5242
1192	7480
1192	12474
1192	16597
1192	18452
1192	18457
1193	1708
1193	8705
1193	9251
1193	13986
1193	18726
1194	8565
1194	8892
1194	9304
1194	13063
1194	14164
1195	3212
1195	4679
1195	10568
1195	13307
1195	19089
1196	3963
1196	4975
1196	9437
1196	10987
1196	12446
1196	14909
1197	1317
1197	2449
1197	2941
1197	3506
1197	6537
1197	7127
1197	9091
1197	13172
1198	4983
1198	8200
1198	8644
1199	709
1199	2882
1199	6972
1199	10714
1199	19436
1200	2401
1200	6107
1200	6722
1200	9028
1201	1196
1201	4341
1201	8140
1201	8891
1202	2736
1202	8100
1203	1698
1203	10232
1203	14917
1203	19056
1204	6621
1204	10878
1204	11592
1204	15135
1204	16015
1205	1499
1205	15093
1205	15248
1205	15708
1205	18864
1206	9487
1206	15806
1206	18790
1207	588
1207	2561
1207	3356
1207	10150
1207	10359
1208	919
1208	4680
1208	6422
1208	14603
1209	3371
1209	6921
1209	8691
1209	10629
1209	13105
1209	14973
1210	264
1210	7032
1210	12386
1210	16536
1210	19097
1211	6368
1211	9791
1211	10196
1211	16404
1211	17361
1212	4049
1212	5692
1212	8755
1212	9153
1212	10587
1212	15219
1212	19973
1213	3556
1213	11099
1213	13866
1214	2675
1214	6386
1214	7542
1214	10163
1214	10343
1214	10995
1214	12057
1215	6472
1215	10546
1215	10983
1215	12343
1215	14854
1215	15043
1215	19816
1216	5494
1216	7802
1216	9499
1216	15579
1216	17497
1216	18764
1216	19159
1217	2287
1217	9664
1217	10975
1217	14738
1217	19868
1218	4882
1218	5268
1218	6493
1218	10422
1218	10446
1218	13650
1218	13798
1219	2913
1219	4351
1219	10632
1219	15492
1219	17474
1220	691
1220	2780
1220	4457
1220	7247
1220	18467
1221	2224
1221	6170
1221	12766
1221	14247
1221	16436
1221	17985
1221	18316
1221	19721
1222	1360
1222	7049
1222	14670
1222	16445
1222	18475
1223	1565
1223	2454
1223	5673
1223	10763
1224	45
1224	4065
1224	9627
1224	16027
1225	2002
1225	6711
1225	9945
1225	18123
1225	19375
1226	3196
1226	3868
1226	4085
1226	7693
1226	8088
1227	1430
1227	4323
1227	10191
1227	13057
1227	18229
1227	19249
1228	6278
1228	14604
1229	443
1229	15524
1230	935
1230	4194
1230	8658
1230	13821
1230	15837
1230	19682
1231	8948
1231	19789
1232	828
1232	10555
1232	10779
1232	14859
1233	5766
1233	10388
1233	16283
1234	1987
1234	3431
1234	6596
1234	17394
1235	456
1235	8447
1235	9601
1235	14869
1235	15520
1236	1202
1236	6354
1236	7443
1236	8496
1236	10093
1237	1150
1237	1490
1237	2504
1237	3368
1237	3753
1237	9345
1237	19464
1238	3281
1238	3508
1238	4031
1238	9656
1239	3855
1239	4821
1239	9828
1240	10748
1240	14108
1240	16742
1240	18797
1241	7180
1241	16729
1242	3949
1242	8954
1242	11927
1242	15706
1242	16609
1243	2171
1243	7615
1243	11675
1243	14706
1243	18862
1244	10022
1244	11348
1244	12192
1245	17209
1245	18722
1246	3671
1246	10085
1246	18374
1247	2610
1247	5458
1247	10566
1247	10640
1247	18444
1247	19821
1247	19911
1248	1840
1248	2480
1248	3128
1248	4271
1248	5878
1248	7061
1248	8659
1248	15068
1249	1755
1249	9519
1249	12806
1249	13600
1249	15740
1249	19792
1249	19910
1250	361
1250	2615
1250	9088
1250	12696
1250	15757
1250	15804
1250	18659
1251	1609
1251	4859
1251	7141
1251	17191
1251	19141
1252	5069
1252	7500
1252	9645
1252	9988
1252	13958
1252	16761
1253	5400
1253	8049
1253	12045
1253	12612
1253	12694
1253	16206
1253	18424
1254	1475
1254	8413
1254	13345
1254	16699
1254	19343
1255	3501
1255	5148
1255	6251
1255	6586
1255	9093
1255	10621
1255	15750
1255	18248
1256	1278
1256	2390
1256	5699
1256	6906
1256	8556
1256	13045
1257	271
1257	3574
1257	5617
1257	6692
1257	7931
1257	15118
1257	16701
1258	2078
1258	7864
1258	8208
1258	13660
1258	16077
1259	7108
1259	18796
1259	18998
1260	4087
1260	5350
1260	9544
1260	10291
1261	1873
1261	4861
1261	5258
1261	9766
1261	16785
1262	3087
1262	6646
1262	6909
1262	14998
1262	19109
1263	5648
1263	6764
1263	7359
1263	10256
1263	12393
1263	18138
1264	4252
1264	9639
1264	17897
1264	18275
1264	18719
1265	6971
1265	9666
1265	10194
1265	14416
1265	18785
1266	2795
1266	4339
1266	16728
1266	16959
1267	4039
1267	5438
1267	9484
1267	12748
1268	497
1268	12106
1268	13127
1268	14403
1268	18652
1268	19295
1269	7304
1269	9589
1269	10417
1269	12953
1269	13949
1270	2262
1270	8598
1270	10517
1270	10985
1270	18137
1271	1780
1271	12555
1271	19447
1271	19643
1272	4611
1272	4885
1272	7546
1272	11642
1273	2370
1273	9793
1273	12039
1273	12466
1273	17870
1273	19778
1274	1471
1274	7252
1274	18638
1275	10977
1275	12488
1275	14018
1275	17813
1275	19544
1276	11477
1276	11551
1276	18806
1277	3710
1277	9696
1277	18023
1278	7057
1278	9117
1278	11224
1278	11488
1278	17271
1278	19482
1279	4788
1279	6638
1279	14728
1279	16500
1280	6936
1280	16298
1280	16914
1281	2096
1281	16284
1281	18755
1282	10240
1282	11096
1283	1718
1283	2980
1283	8399
1284	904
1284	3649
1284	4245
1284	6886
1284	7499
1284	8510
1284	12482
1284	14640
1284	17961
1285	6940
1285	8520
1285	15168
1285	16173
1285	19314
1285	19597
1285	19885
1286	595
1286	1012
1286	3230
1286	11605
1286	14304
1286	16302
1287	3035
1287	6039
1287	6824
1287	8335
1287	12288
1287	19945
1288	934
1288	10148
1288	10243
1288	17362
1289	2599
1289	7746
1289	12570
1290	3245
1290	14291
1290	15320
1291	172
1291	262
1291	1076
1291	6147
1291	9030
1291	14537
1292	4467
1292	12406
1292	15330
1293	1986
1293	11127
1293	11505
1293	11987
1294	994
1294	2848
1294	6223
1294	6494
1294	7197
1294	8099
1294	11636
1294	13793
1294	16594
1295	3487
1295	8376
1295	9535
1295	13204
1295	17267
1296	319
1296	2035
1296	17970
1297	3828
1297	15062
1297	17606
1298	6766
1298	9530
1298	14887
1298	17611
1299	11644
1299	18005
1300	2146
1300	3955
1300	5500
1300	6216
1300	8601
1301	3375
1301	5873
1301	12409
1301	13826
1301	16950
1301	19281
1302	13862
1302	16709
1302	18553
1303	9904
1303	11187
1303	11442
1303	17277
1303	17909
1303	19355
1304	41
1304	3895
1304	6159
1304	11101
1304	16650
1305	644
1305	652
1305	1617
1305	14415
1305	16010
1306	14243
1306	17164
1307	346
1307	4596
1307	6088
1307	8339
1307	10735
1307	12949
1308	337
1308	4709
1308	7107
1308	8928
1308	14740
1309	3980
1309	8875
1309	14814
1310	2917
1310	6990
1310	12178
1310	15315
1311	1384
1311	2619
1311	19130
1311	19870
1312	1451
1312	5081
1312	6828
1312	11074
1312	12397
1312	15279
1312	15474
1312	16800
1313	2234
1313	6030
1313	11805
1313	14487
1313	15725
1313	15929
1314	1585
1314	2181
1314	2359
1314	3607
1314	6898
1314	10200
1314	12653
1315	15331
1315	16005
1316	3527
1316	7446
1316	14136
1316	15552
1317	193
1317	7309
1317	13151
1318	215
1318	3762
1318	9569
1318	11534
1318	11697
1318	12468
1318	16861
1318	17052
1318	18865
1319	4119
1319	7740
1319	11957
1319	13070
1319	16534
1319	18750
1319	19955
1320	10303
1320	13166
1320	16853
1320	19960
1321	6583
1321	15139
1321	16750
1321	18051
1321	19683
1322	2360
1322	6526
1322	14646
1322	15819
1322	16219
1323	551
1323	5356
1323	18727
1323	19168
1324	2578
1324	5167
1324	12964
1324	14085
1325	442
1325	3307
1325	17341
1325	18105
1326	2766
1326	12165
1326	13729
1327	6515
1327	8352
1327	10523
1327	16100
1328	7004
1328	7229
1328	9207
1328	13704
1328	17688
1329	11244
1329	17853
1329	18960
1329	19858
1330	2166
1330	2984
1330	6983
1330	14788
1331	9735
1331	10391
1331	13043
1331	18106
1331	18429
1332	512
1332	550
1332	2760
1332	4941
1332	5026
1332	7980
1332	8282
1332	9767
1332	16754
1332	17639
1333	740
1333	5721
1333	7673
1333	10486
1333	13904
1334	1244
1334	6501
1334	7016
1334	11086
1334	16900
1335	4857
1335	19967
1336	8065
1336	17514
1336	18904
1337	1875
1337	9161
1337	14050
1337	15249
1338	4262
1338	5246
1338	6171
1338	7081
1338	10051
1338	12024
1338	14482
1338	17089
1339	2759
1339	2881
1339	3752
1339	9855
1339	12724
1339	16538
1339	18596
1340	1534
1340	6463
1340	11002
1340	11039
1340	15482
1340	18537
1341	3933
1341	9313
1341	13210
1341	14371
1342	965
1342	5444
1342	15822
1342	18981
1343	16875
1343	18363
1343	19612
1344	1767
1344	3379
1345	5507
1345	9482
1345	12592
1345	13983
1346	3369
1346	4580
1346	6096
1346	6510
1346	9498
1346	11693
1347	2368
1347	8533
1347	17335
1347	17787
1348	8663
1348	19144
1349	1925
1349	9713
1349	16309
1350	8503
1350	9508
1350	14161
1351	719
1351	4332
1351	6562
1351	8014
1351	8438
1351	9671
1351	11533
1352	2946
1352	3332
1352	12229
1353	7396
1353	7718
1353	17777
1353	19750
1354	6191
1354	8604
1354	12594
1354	19598
1355	2228
1355	2522
1355	3134
1355	13358
1355	13644
1355	14810
1355	15638
1355	19138
1356	486
1356	664
1356	1705
1356	9140
1356	10687
1357	2383
1357	6440
1357	8524
1357	10561
1357	12550
1357	14412
1357	17467
1357	17865
1358	4855
1358	9067
1358	10630
1358	10901
1358	16883
1359	5802
1359	11221
1359	13716
1360	426
1360	3590
1360	3702
1360	8040
1360	9226
1360	13454
1360	15021
1360	16543
1361	3545
1361	3861
1361	7084
1361	18391
1362	9277
1362	15960
1362	16888
1362	17189
1363	3247
1363	4948
1363	6618
1363	8547
1363	13868
1363	17109
1364	11954
1364	13180
1365	1020
1365	5001
1365	19935
1366	3082
1366	5754
1366	9446
1366	10840
1366	18214
1367	270
1367	12461
1367	13477
1367	15273
1368	6812
1368	8665
1368	9769
1368	13952
1368	19070
1368	19163
1369	622
1369	2129
1369	19284
1370	6015
1370	12161
1370	13911
1370	16581
1370	18207
1370	18895
1371	2722
1371	5809
1371	6060
1371	8968
1371	13320
1372	1131
1372	10209
1372	12172
1372	13075
1373	169
1373	7426
1373	7527
1373	7936
1373	9401
1373	10732
1373	11497
1373	18259
1374	3886
1374	12382
1374	19720
1375	2942
1375	10759
1375	17528
1375	19363
1376	135
1376	167
1376	6167
1376	14138
1376	17559
1377	1792
1377	13686
1377	16120
1377	19875
1378	376
1378	6950
1378	7491
1378	10974
1378	19148
1379	1760
1379	4275
1379	5275
1379	5304
1379	5532
1379	9460
1379	17211
1379	18027
1380	5665
1380	10870
1380	11215
1380	14475
1381	402
1381	1816
1381	9395
1381	12836
1381	13906
1381	16998
1382	273
1382	4856
1383	3462
1383	10737
1383	10883
1384	6853
1384	7070
1384	7494
1384	8897
1384	11545
1384	13202
1384	18415
1385	808
1385	4684
1385	10271
1385	12463
1385	12901
1385	19182
1386	4563
1386	13698
1386	17580
1387	11482
1387	19145
1388	10607
1388	19995
1389	7789
1389	9652
1389	16209
1390	722
1390	2629
1390	10835
1390	13980
1391	1305
1391	7888
1391	9051
1391	19001
1392	2491
1392	7821
1392	7991
1392	9663
1392	14768
1392	16110
1392	18389
1393	4774
1393	10978
1393	11606
1393	13901
1393	15994
1394	3523
1394	10830
1395	889
1395	1753
1395	4166
1395	7939
1395	12074
1395	13609
1396	3192
1396	6606
1396	10335
1396	12736
1396	15164
1396	16443
1397	678
1397	5710
1397	6623
1397	15595
1397	15687
1398	5448
1398	13555
1398	18396
1398	18926
1399	2457
1399	5090
1399	6953
1399	9684
1399	10973
1399	13491
1399	19264
1400	2082
1400	7271
1400	18489
1401	12647
1401	16760
1401	19222
1402	619
1402	2328
1402	10480
1402	11760
1402	13036
1402	19818
1403	4985
1403	5149
1403	7335
1403	18740
1404	2469
1404	4559
1404	10250
1404	13874
1404	14944
1404	16072
1404	19854
1405	5955
1405	5996
1405	6555
1405	17416
1406	2734
1406	3388
1406	4854
1406	5321
1406	10982
1406	14719
1407	5006
1407	9362
1407	12243
1407	13682
1407	18155
1407	19830
1408	3352
1408	7692
1408	8818
1408	11418
1408	11440
1408	14499
1408	14607
1408	15767
1409	1632
1409	6959
1409	7478
1409	8331
1409	12543
1409	15169
1409	15182
1410	820
1410	839
1410	2332
1410	5140
1410	8530
1410	8963
1410	17104
1410	19333
1411	343
1411	9183
1411	10266
1411	12087
1411	13012
1411	13757
1411	14312
1411	15681
1412	13334
1412	16147
1413	2127
1413	9955
1413	11232
1413	19007
1414	4316
1414	5949
1414	12173
1414	13316
1415	8767
1415	12310
1415	16449
1415	16481
1415	18205
1416	157
1416	686
1416	1823
1416	18215
1416	18351
1417	2267
1417	7428
1417	7784
1417	11762
1417	12558
1417	19536
1418	2958
1418	3207
1418	7432
1418	10356
1418	10724
1418	11754
1418	14334
1418	15743
1418	18497
1418	18582
1419	647
1419	3144
1419	8165
1419	15195
1420	5073
1420	7132
1420	11401
1420	19116
1421	8814
1421	9127
1421	13483
1421	18252
1422	727
1422	1120
1422	7617
1422	7710
1422	8515
1422	12698
1422	17026
1422	17920
1423	1410
1423	8475
1423	13218
1423	16688
1424	5023
1424	5260
1424	7801
1424	8901
1424	18339
1425	6902
1425	8944
1425	11067
1425	16318
1425	17561
1425	18748
1426	302
1426	9190
1426	10881
1426	11628
1426	14432
1426	15257
1426	19739
1427	3560
1427	9605
1427	14528
1428	3285
1428	4412
1428	11142
1428	18855
1429	1720
1429	3091
1429	4992
1429	13579
1429	18506
1430	239
1430	3409
1430	9846
1430	9888
1431	6004
1431	8679
1431	14284
1431	15081
1432	13203
1432	13854
1433	3013
1433	8124
1433	12957
1433	17852
1434	2861
1434	5271
1434	8847
1434	11165
1434	14924
1434	15112
1434	15256
1435	7204
1435	7816
1435	9551
1435	11687
1435	17864
1436	141
1436	2485
1436	6712
1436	9189
1436	18805
1437	3651
1437	8627
1437	10638
1437	12287
1437	14054
1438	4141
1438	9130
1438	9884
1438	13412
1438	13548
1438	18323
1438	19593
1439	46
1439	457
1439	1866
1439	15101
1439	19863
1440	2727
1440	6856
1440	12181
1441	268
1441	454
1441	2048
1441	2136
1441	3530
1441	8699
1441	19732
1441	19899
1442	3950
1442	15334
1443	1176
1443	13211
1443	14476
1444	3944
1444	4612
1444	19287
1444	19318
1445	2110
1445	2692
1445	5569
1445	6884
1445	16911
1446	2662
1446	4226
1446	19658
1446	19784
1447	13072
1447	14827
1447	18133
1447	19584
1447	19630
1448	2236
1448	2245
1448	3097
1448	17816
1449	991
1449	1348
1449	3698
1449	4762
1449	8053
1449	14448
1449	18907
1450	9841
1450	11282
1450	12853
1450	12895
1450	16504
1450	18601
1451	2944
1451	3158
1451	14040
1452	4843
1452	5520
1452	7275
1452	14489
1452	16257
1452	16953
1453	99
1453	1186
1453	5210
1453	8122
1453	9104
1453	10809
1453	12849
1454	161
1454	689
1454	1929
1454	10728
1454	14093
1454	14461
1454	16715
1454	18456
1455	1963
1455	8252
1455	8554
1455	13426
1455	16838
1455	17739
1456	5453
1456	5986
1456	6491
1456	11325
1456	14278
1457	2711
1457	9454
1457	12291
1457	13235
1457	16412
1457	16475
1457	19882
1458	973
1458	1106
1458	3344
1458	11739
1458	12338
1458	19252
1459	2636
1459	5682
1459	17776
1460	6486
1460	6693
1460	9801
1460	13470
1460	19625
1461	4133
1461	8500
1461	8595
1461	9658
1461	15097
1462	2618
1462	5770
1462	6993
1462	8693
1462	12215
1462	12361
1462	18257
1463	6283
1463	19297
1463	19345
1463	19693
1464	74
1464	9864
1464	11593
1465	5283
1465	15208
1466	5141
1466	7340
1466	8706
1466	12075
1466	18628
1467	3962
1467	6365
1467	6988
1468	2421
1468	9473
1468	11323
1468	11704
1468	12223
1469	1429
1469	4528
1469	11682
1469	11792
1469	14677
1470	2651
1470	8933
1470	13347
1470	15409
1471	3893
1471	5829
1471	16144
1472	3150
1472	9218
1472	12222
1473	7610
1473	11815
1473	13462
1473	14898
1473	16891
1473	17819
1474	886
1474	15668
1474	15792
1475	6908
1475	12322
1476	1716
1476	8760
1476	11755
1476	15838
1477	6633
1477	14734
1477	18441
1478	3359
1478	6600
1478	6707
1478	7123
1478	11508
1478	18169
1479	1151
1479	10905
1479	12125
1479	15440
1479	16849
1480	4349
1480	5215
1480	17604
1481	1948
1481	4364
1481	6409
1481	13398
1481	15291
1481	18922
1482	7932
1482	8414
1482	9557
1482	13435
1482	14356
1483	8336
1483	9577
1483	10252
1483	15669
1483	16328
1483	17544
1483	17846
1484	1940
1484	2842
1484	4741
1484	6783
1484	12876
1484	14365
1484	16471
1484	16648
1485	1097
1485	2303
1485	8090
1485	13154
1485	17294
1485	19105
1485	19240
1486	3812
1486	8641
1486	12236
1486	19772
1487	4240
1487	15864
1487	17134
1487	17817
1487	19976
1488	1004
1488	4603
1488	9423
1489	3937
1489	10837
1489	14013
1489	17344
1489	18729
1490	614
1490	1109
1490	8272
1490	13789
1491	995
1491	17412
1491	18955
1492	1406
1492	2015
1492	5677
1492	6660
1492	7307
1492	8006
1492	16872
1493	2696
1493	6835
1493	7416
1493	9458
1494	2018
1494	3658
1494	4553
1494	5145
1494	8463
1495	2798
1495	3499
1495	10293
1495	18579
1496	1861
1496	3717
1496	4951
1496	5849
1496	14288
1496	18458
1497	802
1497	6455
1497	18231
1497	19964
1498	425
1498	2204
1498	14064
1498	17017
1499	404
1499	815
1499	8511
1499	16251