0	2490
0	2608
0	2616
0	3639
0	4019
0	5076
0	6751
0	8922
0	9720
0	12595
0	12630
0	12894
0	13211
0	13307
0	15014
0	15860
0	16334
0	17377
0	17592
0	18879
0	19710
1	1889
1	7098
1	7887
1	8369
1	11081
1	11727
1	13884
1	13935
1	14547
1	15102
1	16847
1	17127
1	17370
1	17595
1	19704
2	84
2	928
2	1953
2	3806
2	4266
2	4915
2	5274
2	6485
2	6797
2	12321
2	13681
2	14112
2	15196
2	15286
2	16513
2	17054
2	17993
2	18090
2	19122
2	19488
3	208
3	2626
3	2779
3	3327
3	3660
3	4854
3	5244
3	6245
3	7253
3	7295
3	7969
3	8839
3	9919
3	12842
3	13885
3	14740
3	15082
3	15168
3	15645
3	15917
3	17032
3	17066
4	703
4	2276
4	4605
4	4867
4	5500
4	6408
4	8646
4	8926
4	9208
4	12420
4	12543
4	13855
4	14354
4	16798
4	17164
4	17612
4	17908
4	18300
4	19639
4	19680
5	260
5	552
5	3204
5	3792
5	4758
5	6218
5	9965
5	10427
5	11669
5	12505
5	12655
5	12702
5	15631
5	15689
5	16594
5	18842
5	19403
6	702
6	1680
6	3952
6	4236
6	4966
6	6822
6	6858
6	7390
6	9964
6	10707
6	13859
6	13999
6	16007
6	16248
6	16542
6	17073
6	17134
6	17835
6	18478
6	18623
7	1281
7	2249
7	3480
7	4985
7	6461
7	7706
7	10895
7	11837
7	14551
7	14749
7	14786
7	15734
7	16224
7	16376
7	17102
7	17702
7	18389
7	19035
8	864
8	2147
8	4620
8	5125
8	5261
8	7132
8	9378
8	9828
8	10010
8	12654
8	13850
8	17006
8	17052
8	17464
8	17545
8	17975
8	18424
8	18997
9	761
9	1748
9	4434
9	5059
9	5071
9	5175
9	5672
9	6841
9	8234
9	9451
9	9639
9	12793
9	13881
9	14384
9	15461
9	16581
9	17771
9	17982
9	18060
10	1671
10	2184
10	5895
10	6049
10	7083
10	11351
10	11379
10	12353
10	13636
10	13802
10	14027
10	16000
10	16640
10	19250
10	19471
10	19698
11	719
11	4706
11	5725
11	7959
11	8639
11	8861
11	10721
11	11619
11	12741
11	12846
11	13134
11	13230
11	14074
11	14095
11	14862
11	15456
11	15918
11	17161
11	17356
11	19627
11	19725
12	2717
12	5425
12	6102
12	6455
12	8005
12	10420
12	11009
12	11578
12	12041
12	12577
12	13513
12	14812
12	15092
12	15535
12	18080
12	18093
12	18460
12	19758
13	2209
13	2285
13	2405
13	5245
13	5966
13	6101
13	7369
13	7801
13	8045
13	8425
13	9036
13	9243
13	9317
13	9963
13	10624
13	12201
13	13108
13	13690
13	13988
14	1815
14	2599
14	2969
14	3940
14	4477
14	6458
14	7084
14	9597
14	10262
14	11129
14	11416
14	12847
14	14129
14	15458
14	15581
14	15588
14	16092
14	17106
14	18281
14	19080
14	19999
15	524
15	882
15	1438
15	2080
15	2083
15	2348
15	2684
15	2943
15	3286
15	6903
15	11188
15	11419
15	16221
15	17454
15	17925
15	18467
15	18979
15	19583
16	1197
16	1627
16	1921
16	3315
16	4792
16	5402
16	5465
16	5894
16	6861
16	8642
16	8938
16	9222
16	10328
16	11753
16	13084
16	15635
16	18704
17	167
17	550
17	738
17	1267
17	2322
17	4922
17	5768
17	5819
17	6926
17	8161
17	8852
17	9009
17	10711
17	11072
17	11245
17	12484
17	13150
17	14177
17	14335
18	1688
18	4538
18	4719
18	6220
18	7303
18	7895
18	10777
18	12795
18	13647
18	16637
18	16833
18	17061
18	18051
18	18626
18	18928
18	19825
18	19933
19	851
19	2774
19	3127
19	4275
19	6380
19	6850
19	9759
19	9980
19	10633
19	10990
19	11055
19	12225
19	12268
19	13615
19	13621
19	15032
19	15408
19	15505
19	18722
20	360
20	617
20	771
20	2332
20	3948
20	4071
20	4175
20	6331
20	8666
20	10800
20	12364
20	12871
20	13147
20	14636
20	15347
20	17047
20	18150
20	18874
20	19126
20	19468
20	19719
21	1233
21	3058
21	4724
21	4843
21	6699
21	8412
21	9424
21	9560
21	9865
21	12903
21	13243
21	13779
21	13916
21	15590
21	15804
21	17192
21	18495
21	18762
22	168
22	2350
22	3765
22	4062
22	5105
22	6174
22	6312
22	6454
22	6791
22	8693
22	9099
22	9650
22	10246
22	10879
22	13106
22	13275
22	13746
22	14669
22	15297
22	15714
22	15730
23	999
23	2901
23	4150
23	5255
23	8709
23	9564
23	10083
23	10337
23	10749
23	13684
23	14077
23	14330
23	15611
23	15808
23	16029
23	16506
23	17182
23	17241
23	17984
24	2160
24	3156
24	3236
24	6648
24	8681
24	8867
24	9750
24	10193
24	10652
24	11161
24	12254
24	13344
24	13562
24	14098
24	16186
24	16643
24	17615
24	17970
24	18541
24	18924
24	19437
25	872
25	2561
25	6006
25	6011
25	6201
25	6588
25	7074
25	9324
25	9494
25	11885
25	12233
25	12571
25	12695
25	12879
25	14416
25	16390
25	16500
25	16817
25	17081
25	17118
25	19805
26	99
26	1332
26	1699
26	2030
26	4087
26	5098
26	5231
26	5576
26	7459
26	9896
26	10245
26	10309
26	12958
26	13702
26	14140
26	15112
26	16697
27	236
27	966
27	1215
27	1976
27	2176
27	3917
27	3971
27	3979
27	3994
27	8729
27	10053
27	11020
27	11882
27	13459
27	14425
27	14701
27	16524
27	16779
27	17546
27	17679
27	19024
27	19578
28	1445
28	2409
28	4118
28	4932
28	6193
28	8137
28	8964
28	9669
28	9755
28	11202
28	12172
28	14378
28	15271
28	15932
28	16302
28	16446
28	17685
28	18496
28	18991
28	19066
28	19294
28	19876
28	19955
29	497
29	2784
29	3224
29	6911
29	7256
29	7309
29	8543
29	9182
29	10275
29	10786
29	13663
29	13707
29	13899
29	15228
29	15310
29	17289
29	17618
29	19562
30	652
30	1145
30	3242
30	4092
30	4633
30	4956
30	7397
30	8892
30	10574
30	10604
30	10887
30	12697
30	13977
30	15013
30	16384
30	16789
30	18362
30	18715
30	19074
30	19279
30	19322
30	19808
31	566
31	2850
31	4391
31	5930
31	7122
31	7750
31	8123
31	9680
31	10124
31	13465
31	13833
31	15429
31	15761
31	17677
31	18256
31	19212
31	19789
32	763
32	3720
32	5772
32	6953
32	8113
32	8763
32	10896
32	12116
32	12161
32	12558
32	12784
32	13176
32	13919
32	14660
32	15426
32	15849
32	15951
32	18273
32	19810
33	5073
33	5800
33	6746
33	7329
33	7765
33	9845
33	9957
33	10135
33	10818
33	12863
33	13051
33	15513
33	16308
33	17380
33	17410
33	17626
33	18195
33	18421
33	18575
33	19038
34	631
34	2131
34	2804
34	4807
34	4905
34	5164
34	5258
34	5571
34	6617
34	7549
34	7746
34	10000
34	10361
34	10844
34	10959
34	11896
34	12623
34	13834
34	16121
34	16881
34	18654
34	18974
35	3287
35	3686
35	4433
35	4947
35	4993
35	5563
35	7173
35	7389
35	8248
35	8551
35	11407
35	11639
35	12047
35	12389
35	12576
35	12984
35	13464
35	15711
35	16065
35	16231
35	17646
35	18280
36	529
36	535
36	3619
36	3726
36	4497
36	6587
36	6655
36	7418
36	7566
36	8052
36	8118
36	8504
36	8944
36	9013
36	9135
36	11238
36	12538
36	13120
36	15349
36	15568
36	16470
36	19827
37	4191
37	4571
37	6055
37	7318
37	7626
37	8437
37	8481
37	8535
37	8830
37	9001
37	9311
37	11087
37	11353
37	11790
37	12947
37	15775
37	15840
37	17160
37	19082
38	1143
38	1780
38	2240
38	2802
38	3496
38	4496
38	4617
38	5002
38	5843
38	6267
38	8631
38	10247
38	11012
38	11215
38	11664
38	12448
38	13592
38	13811
38	17236
38	18216
39	472
39	1209
39	3459
39	3752
39	4578
39	5137
39	8254
39	9259
39	9483
39	10507
39	11715
39	12033
39	13414
39	14833
39	16152
39	18066
39	18213
39	18713
39	19236
40	1639
40	2234
40	2525
40	2594
40	2638
40	2792
40	3618
40	6480
40	7963
40	12137
40	12754
40	13932
40	13994
40	14215
40	15445
40	16339
40	17483
40	18103
40	19317
40	19727
40	19843
41	4024
41	5176
41	5291
41	6109
41	6419
41	7154
41	7181
41	7846
41	9645
41	9846
41	11045
41	12477
41	13591
41	14965
41	15685
41	16245
41	17068
41	17604
41	17912
41	18630
41	19091
42	340
42	646
42	1223
42	1877
42	2929
42	2930
42	3413
42	4965
42	6197
42	7007
42	10358
42	10452
42	11374
42	11486
42	11635
42	12731
42	12825
42	14528
42	14782
42	15709
42	18466
42	18667
42	18744
42	19026
42	19456
43	1026
43	3081
43	3946
43	3947
43	4927
43	5613
43	6448
43	6532
43	7183
43	7565
43	8213
43	8302
43	8885
43	9528
43	9878
43	10301
43	12678
43	12751
43	13826
43	15484
43	18264
43	18615
44	1221
44	1375
44	2166
44	2173
44	2216
44	2478
44	3515
44	3742
44	3854
44	5092
44	6533
44	6596
44	6784
44	6825
44	7100
44	7452
44	9265
44	10738
44	12707
44	14323
44	15558
44	17681
44	19040
45	918
45	1713
45	2168
45	3218
45	3258
45	3559
45	4467
45	5765
45	6786
45	7265
45	8056
45	9829
45	10158
45	11658
45	12155
45	12730
45	13091
45	13913
45	14000
45	15403
45	18338
45	19721
46	511
46	684
46	2041
46	3527
46	3725
46	7733
46	7929
46	11370
46	12170
46	12992
46	13521
46	13596
46	14024
46	15450
46	15858
46	17039
46	18822
47	600
47	670
47	2252
47	2286
47	5743
47	6557
47	7643
47	9533
47	9930
47	9962
47	11632
47	11969
47	13027
47	14383
47	14887
47	15180
47	16027
47	16811
47	17866
47	19242
47	19807
48	687
48	1326
48	3457
48	6020
48	7279
48	8878
48	8900
48	9047
48	9704
48	9860
48	12015
48	12110
48	13480
48	14479
48	14661
48	14905
48	16337
48	18034
48	18215
48	19009
48	19447
48	19760
49	2888
49	3217
49	4974
49	5450
49	5944
49	7070
49	7876
49	10625
49	11334
49	12297
49	14260
49	15146
49	15697
49	15738
49	16104
49	16911
49	17130
49	19670
50	2273
50	3714
50	3826
50	5559
50	8174
50	8305
50	8585
50	8672
50	9954
50	10252
50	12230
50	12377
50	13511
50	14453
50	14992
50	15259
50	16552
50	17972
50	19411
51	28
51	1393
51	2103
51	4017
51	4374
51	7842
51	9695
51	9922
51	10106
51	10935
51	12153
51	13430
51	14956
51	16055
51	16278
51	17211
51	18560
51	18769
51	19754
51	19784
52	635
52	924
52	1850
52	3449
52	3600
52	3906
52	5211
52	6291
52	6453
52	8740
52	9007
52	10057
52	10642
52	10938
52	11408
52	12076
52	12931
52	13827
52	15101
52	16459
52	17004
52	18882
53	644
53	890
53	940
53	2155
53	4064
53	4108
53	4143
53	5551
53	7406
53	7728
53	8737
53	10605
53	10787
53	11395
53	11765
53	11820
53	12527
53	13199
53	15033
53	19610
54	278
54	747
54	827
54	1084
54	1835
54	6738
54	8563
54	9838
54	10229
54	14610
54	14768
54	16731
54	17400
54	17670
54	18405
54	18916
54	19900
55	951
55	1385
55	3002
55	4670
55	5517
55	6656
55	6702
55	7852
55	10306
55	10843
55	13336
55	13760
55	13895
55	14894
55	16202
55	16516
55	16964
55	17468
55	18756
55	19566
55	19657
55	19986
56	496
56	939
56	1679
56	2847
56	6279
56	6469
56	7886
56	8565
56	9169
56	10499
56	11329
56	12740
56	13238
56	13348
56	13447
56	14892
56	14978
56	15041
56	15609
56	18808
57	280
57	639
57	2312
57	2568
57	2602
57	5167
57	5174
57	5300
57	6165
57	6703
57	7326
57	9113
57	9641
57	12232
57	14542
57	14717
57	16896
57	17307
57	17727
57	17730
57	18679
57	19191
57	19604
58	2629
58	5242
58	6883
58	6946
58	7105
58	8039
58	8389
58	9479
58	10756
58	11269
58	12890
58	13461
58	13631
58	14010
58	14235
58	15178
58	15980
58	16253
58	16665
58	17329
58	19106
58	19771
59	873
59	1934
59	3621
59	4518
59	4728
59	5240
59	6155
59	9458
59	9506
59	10375
59	11688
59	12612
59	15899
59	17440
59	17636
59	18266
59	18330
59	18839
59	19964
60	1518
60	2831
60	2964
60	3197
60	4059
60	7672
60	8059
60	8283
60	10856
60	11476
60	11721
60	12516
60	16987
60	17430
60	17905
60	18737
60	19452
60	19674
61	679
61	4370
61	4591
61	5526
61	9367
61	9880
61	11729
61	12178
61	12381
61	13699
61	14327
61	14644
61	15708
61	18272
61	18394
61	18798
61	18850
61	18929
61	19019
61	19230
62	427
62	1846
62	2622
62	3869
62	5001
62	7504
62	8806
62	9517
62	11263
62	11279
62	12501
62	13364
62	14090
62	15835
62	16361
62	16400
62	17072
62	17839
62	17909
63	986
63	2855
63	3160
63	3285
63	4027
63	5647
63	10123
63	10909
63	11770
63	11806
63	11861
63	12762
63	13312
63	13666
63	14513
63	16675
63	16683
63	16770
63	18605
64	415
64	512
64	2456
64	4349
64	4838
64	6552
64	7526
64	10016
64	10423
64	11365
64	11420
64	11507
64	12481
64	13234
64	13271
64	16461
64	16691
64	16894
65	186
65	942
65	3589
65	4093
65	5266
65	5935
65	6348
65	6377
65	7064
65	10831
65	12559
65	13247
65	14779
65	15158
65	18410
65	19116
65	19632
65	19677
66	136
66	2536
66	2635
66	2712
66	3460
66	3737
66	5746
66	9312
66	9525
66	10908
66	13754
66	14911
66	15516
66	16387
66	17547
66	18489
66	18770
66	19180
66	19573
67	90
67	1747
67	3038
67	3529
67	3622
67	3769
67	3990
67	4015
67	5148
67	5369
67	7955
67	8259
67	8753
67	11068
67	12211
67	13235
67	13911
67	15741
67	16314
67	18018
67	19185
68	804
68	926
68	1621
68	2051
68	2658
68	3499
68	6116
68	9291
68	10157
68	10333
68	13585
68	13752
68	13905
68	14143
68	14858
68	15024
68	16086
68	16805
68	18780
68	18939
69	597
69	2282
69	4826
69	5136
69	7035
69	8546
69	10357
69	10432
69	10610
69	12124
69	12410
69	12868
69	13068
69	13551
69	15592
69	16980
69	17129
69	17411
69	17686
69	17697
69	19948
69	19953
70	397
70	1379
70	2454
70	4913
70	5160
70	6119
70	6176
70	6980
70	9827
70	10097
70	10127
70	10460
70	11017
70	11433
70	11900
70	11935
70	13246
70	15463
70	16265
70	18725
70	19951
71	1369
71	2549
71	3271
71	4472
71	6227
71	6593
71	7022
71	7334
71	10139
71	10602
71	11736
71	11759
71	13278
71	13892
71	14446
71	14889
71	15856
71	16925
71	17783
71	19280
71	19520
72	1058
72	3344
72	4454
72	6660
72	7080
72	7648
72	8688
72	10981
72	12199
72	12769
72	14066
72	15108
72	15902
72	16787
72	18054
72	18323
72	19081
72	19257
73	1623
73	1687
73	3424
73	4146
73	6199
73	6789
73	7486
73	8876
73	9575
73	9991
73	10493
73	11317
73	12192
73	13386
73	14823
73	15538
73	15960
73	17146
73	17769
74	251
74	786
74	1118
74	1632
74	2016
74	2328
74	2419
74	2589
74	3679
74	6341
74	7240
74	7848
74	8104
74	9531
74	9824
74	10407
74	12452
74	13162
74	14139
74	15051
74	16485
74	17299
74	17361
74	19127
75	818
75	1169
75	1194
75	1573
75	2993
75	3016
75	3293
75	3334
75	4859
75	7285
75	9331
75	10175
75	11699
75	12249
75	12921
75	13650
75	16229
75	16343
75	17948
75	18601
76	1176
76	1200
76	1497
76	1827
76	2563
76	4680
76	5451
76	6499
76	7470
76	12603
76	13024
76	13131
76	13198
76	15003
76	15470
76	16445
76	17764
76	18402
76	19208
77	70
77	1653
77	2210
77	3956
77	4204
77	4981
77	6987
77	8542
77	8874
77	8963
77	9715
77	9761
77	12404
77	13421
77	15758
77	16983
77	17457
77	17691
77	18023
77	18254
78	162
78	2156
78	2248
78	2601
78	2973
78	3844
78	4259
78	5067
78	7184
78	8649
78	8680
78	9043
78	9491
78	11260
78	11763
78	15002
78	16258
78	17050
78	17953
79	638
79	1775
79	2659
79	2776
79	2782
79	2939
79	3295
79	3332
79	4114
79	4872
79	6944
79	10725
79	10830
79	11523
79	11793
79	16539
79	17583
79	18639
79	19945
80	1045
80	1051
80	2274
80	3339
80	5714
80	7884
80	10323
80	10689
80	11130
80	11487
80	12700
80	13337
80	15185
80	16729
80	16801
80	17390
80	18263
80	19120
81	2617
81	3177
81	5064
81	7977
81	8180
81	9255
81	10336
81	10937
81	11442
81	12970
81	13136
81	13373
81	14365
81	14578
81	14648
81	15050
81	15187
81	16966
81	16991
81	17872
81	19148
81	19887
82	516
82	836
82	2146
82	2512
82	2751
82	2754
82	3472
82	3941
82	6252
82	8450
82	9847
82	12763
82	14512
82	15120
82	15828
82	16742
82	17779
82	18233
82	18940
82	19298
83	1409
83	1492
83	1894
83	2123
83	2552
83	4937
83	4976
83	5863
83	5983
83	7165
83	9284
83	9626
83	10690
83	11769
83	12791
83	15021
83	15718
83	18384
83	19797
83	19852
84	1343
84	1387
84	1451
84	1729
84	3163
84	5019
84	5237
84	6043
84	6671
84	7970
84	9271
84	10568
84	11842
84	12935
84	13028
84	13572
84	13990
84	14182
84	14609
84	15020
84	15254
84	15391
84	16396
84	19992
85	119
85	2213
85	2609
85	4040
85	4364
85	6149
85	6479
85	6517
85	7756
85	8345
85	8819
85	10014
85	11103
85	12119
85	12657
85	14028
85	15137
85	15401
85	17899
85	18348
85	19086
86	547
86	1287
86	3411
86	4333
86	5587
86	6901
86	8210
86	8607
86	8616
86	8738
86	10774
86	11292
86	13085
86	13481
86	13634
86	14459
86	17011
86	17813
86	18711
86	19092
87	3104
87	4173
87	9548
87	9663
87	11648
87	13109
87	13662
87	13753
87	14996
87	15518
87	15523
87	16655
87	17213
87	18831
87	19313
87	19571
87	19584
87	19759
88	1120
88	1289
88	1453
88	1837
88	5119
88	5293
88	5540
88	5866
88	7065
88	7208
88	7911
88	11021
88	11595
88	11880
88	12458
88	13735
88	15373
88	15521
88	17544
88	17610
88	17800
88	18098
89	1599
89	3569
89	4594
89	6099
89	6292
89	6742
89	7896
89	9598
89	11766
89	11988
89	12316
89	12760
89	12912
89	14141
89	14423
89	14434
89	14514
89	16324
89	16619
89	19340
89	19790
89	19987
90	432
90	766
90	1243
90	3322
90	6435
90	6544
90	9527
90	9813
90	13353
90	13931
90	14938
90	15433
90	15940
90	16261
90	16641
90	18015
90	18870
90	19367
90	19386
91	40
91	116
91	1555
91	1569
91	1595
91	1667
91	2550
91	2643
91	3893
91	4166
91	5741
91	6308
91	7073
91	7403
91	7710
91	8592
91	12167
91	16812
91	17103
91	17896
91	18017
91	18863
92	1673
92	1802
92	2368
92	3601
92	4654
92	5687
92	6123
92	6820
92	7038
92	8185
92	8436
92	8894
92	11755
92	11924
92	11929
92	13712
92	14791
92	15688
92	16128
92	16712
92	17762
92	18703
93	654
93	1428
93	1975
93	4790
93	5396
93	5883
93	7830
93	8987
93	9238
93	11599
93	12844
93	14585
93	15236
93	15432
93	15703
93	16546
93	17722
93	18279
93	18683
93	18693
93	18799
93	19528
94	616
94	1440
94	1514
94	1892
94	2587
94	4639
94	6916
94	8247
94	8834
94	8953
94	9084
94	9625
94	10868
94	11787
94	12140
94	12531
94	14638
94	15486
94	16031
94	17530
94	18526
94	18729
95	710
95	1899
95	2104
95	2560
95	3184
95	3187
95	3640
95	4042
95	5319
95	6390
95	7344
95	9825
95	10855
95	10872
95	11428
95	12004
95	14746
95	15087
95	17136
95	17773
96	2397
96	3579
96	6543
96	6562
96	8549
96	8780
96	9627
96	10285
96	10675
96	10681
96	11157
96	12968
96	13268
96	13627
96	14899
96	15402
96	18474
97	2376
97	4389
97	4955
97	8402
97	9628
97	10381
97	10857
97	12611
97	13130
97	13367
97	13992
97	15011
97	15983
97	18399
97	19001
97	19010
98	485
98	723
98	1635
98	5204
98	5635
98	6050
98	7281
98	8652
98	8816
98	12156
98	12801
98	13903
98	14059
98	14750
98	15390
98	16821
98	17421
98	17424
98	18353
98	18989
98	19593
99	843
99	1168
99	1400
99	2800
99	3128
99	3359
99	3701
99	4134
99	5957
99	6500
99	6708
99	6876
99	8368
99	10115
99	10436
99	13346
99	16441
99	18296
99	18418
99	18675
99	18745
99	19260
99	19331
100	122
100	128
100	2079
100	3803
100	4776
100	6931
100	8031
100	10414
100	10826
100	11448
100	12652
100	13173
100	14569
100	14604
100	14640
100	15705
100	15749
101	296
101	315
101	1830
101	2781
101	3786
101	4795
101	4887
101	5968
101	6184
101	7276
101	8081
101	9150
101	14058
101	15344
101	16659
101	17929
101	18760
102	609
102	1155
102	2061
102	2664
102	2988
102	3167
102	3583
102	4546
102	5227
102	6564
102	6778
102	7409
102	7567
102	9173
102	9955
102	10198
102	12435
102	13940
102	14308
102	17915
102	18387
102	19555
103	3226
103	3730
103	5418
103	5990
103	5998
103	6801
103	8241
103	9351
103	9371
103	9687
103	11845
103	11963
103	13078
103	13840
103	14712
103	16589
103	17680
103	18512
103	18556
103	18963
103	19105
103	19377
104	317
104	435
104	1131
104	2027
104	4124
104	5423
104	5624
104	6666
104	7700
104	10906
104	12322
104	15694
104	15968
104	17387
104	17621
104	18980
105	213
105	1517
105	1563
105	2588
105	2590
105	5158
105	6305
105	7242
105	7775
105	7818
105	8702
105	9578
105	9797
105	13419
105	13923
105	14570
105	14795
105	15107
105	16674
106	539
106	1422
106	1841
106	3274
106	6464
106	6806
106	6810
106	6817
106	6918
106	7063
106	7624
106	9325
106	10643
106	12368
106	13902
106	13980
106	14780
106	15924
106	16203
106	17013
106	18776
106	18894
107	3168
107	3183
107	3419
107	4032
107	4698
107	4754
107	4879
107	5229
107	6814
107	8588
107	10999
107	11418
107	11779
107	12206
107	13677
107	15757
107	17608
107	19567
108	417
108	1219
108	1377
108	1535
108	4289
108	10897
108	11047
108	12018
108	12114
108	12517
108	12757
108	13523
108	14880
108	15508
108	15573
108	17922
108	18038
108	19709
108	19872
109	2793
109	4820
109	5521
109	6010
109	6403
109	7153
109	8328
109	10100
109	10326
109	11285
109	13352
109	14254
109	14902
109	15206
109	16622
109	18539
109	18666
109	19661
110	1652
110	4345
110	6444
110	6988
110	8765
110	13962
110	14108
110	14256
110	15264
110	16075
110	16243
110	16432
110	17442
110	18227
110	18244
110	18540
110	19743
111	175
111	2418
111	3053
111	3540
111	7387
111	7550
111	9183
111	11246
111	11494
111	11656
111	11940
111	12386
111	14319
111	14834
111	15288
111	18655
111	18898
111	18983
111	19114
112	696
112	839
112	1610
112	2706
112	3346
112	3996
112	5232
112	8085
112	8524
112	8528
112	8567
112	9929
112	12946
112	14149
112	15783
112	16588
112	17843
112	18819
112	19436
112	19592
113	756
113	1187
113	1922
113	2788
113	5767
113	6224
113	6796
113	7561
113	10096
113	10615
113	10888
113	11259
113	13187
113	14489
113	15099
113	15829
113	15865
113	17181
113	17897
113	19287
114	971
114	1163
114	1938
114	1989
114	2023
114	3779
114	3933
114	3976
114	5575
114	6221
114	10093
114	10163
114	10441
114	10995
114	13310
114	13372
114	13960
114	14793
114	14836
114	16988
114	17428
114	18927
115	1616
115	2154
115	3165
115	3308
115	3347
115	4415
115	4848
115	6935
115	7690
115	8478
115	8683
115	9678
115	10759
115	13033
115	14021
115	15416
115	15424
115	15954
115	17281
115	19644
116	2009
116	2116
116	2798
116	2937
116	3354
116	3427
116	3491
116	3533
116	4214
116	4305
116	11320
116	11930
116	12979
116	14301
116	14316
116	15069
116	16577
116	17558
116	19912
117	1761
117	3551
117	6364
117	6563
117	8027
117	9445
117	9971
117	12158
117	12454
117	13914
117	13958
117	15049
117	15504
117	15972
117	16237
117	16306
117	16568
118	4208
118	4918
118	4939
118	5567
118	6225
118	7037
118	7091
118	8054
118	9944
118	10037
118	11030
118	12019
118	12349
118	12441
118	12732
118	13133
118	13357
118	14071
118	14798
118	15220
118	15679
118	18304
119	1228
119	2412
119	3109
119	3999
119	5750
119	8224
119	8520
119	9374
119	12097
119	12504
119	14993
119	15068
119	15748
119	16110
119	16323
119	16718
119	17120
119	17966
119	18357
120	693
120	983
120	1174
120	3443
120	3851
120	4378
120	4417
120	4831
120	6136
120	6664
120	7455
120	8937
120	13223
120	13442
120	15410
120	16192
120	16523
120	18594
121	1424
121	2217
121	3313
121	4893
121	5831
121	6213
121	8665
121	9738
121	11132
121	11200
121	11273
121	11472
121	12489
121	13936
121	14506
121	15781
121	16498
121	17396
121	17404
121	18990
121	19492
121	19683
122	1015
122	1596
122	1718
122	2192
122	4068
122	4949
122	5044
122	6652
122	6736
122	8859
122	9162
122	9567
122	13064
122	13444
122	13581
122	13922
122	14680
122	16502
122	16921
122	17688
123	46
123	307
123	625
123	1288
123	1750
123	1766
123	4460
123	4744
123	6158
123	7385
123	9630
123	10144
123	10190
123	11425
123	11989
123	13437
123	14837
123	15746
123	16145
123	17873
123	18022
123	19307
123	19532
124	1097
124	1336
124	1640
124	1949
124	3248
124	4141
124	4283
124	4430
124	6027
124	6718
124	7642
124	9060
124	10117
124	10666
124	12443
124	13316
124	13717
124	16433
124	16554
124	18585
124	18820
125	1214
125	2903
125	4185
125	4600
125	6378
125	8295
125	8413
125	8574
125	8958
125	8985
125	9051
125	9864
125	10179
125	11060
125	12088
125	12639
125	19561
125	19934
126	181
126	266
126	1502
126	2218
126	2966
126	3008
126	4572
126	5917
126	6060
126	6140
126	6506
126	6602
126	7971
126	8144
126	10234
126	14414
126	14654
126	15012
126	15181
126	15244
126	17296
126	19612
127	85
127	2097
127	2851
127	3959
127	4160
127	5216
127	5238
127	6065
127	7069
127	9993
127	13401
127	14023
127	14052
127	15156
127	16596
127	17575
127	17728
127	18961
127	19139
128	465
128	1403
128	2986
128	3301
128	3767
128	4130
128	8769
128	10147
128	11266
128	11542
128	12195
128	14060
128	15150
128	15473
128	17173
128	17514
128	17562
128	18579
128	18975
129	3834
129	5325
129	5840
129	6920
129	7128
129	10660
129	12405
129	12539
129	12828
129	13197
129	13626
129	14244
129	14381
129	14481
129	16218
129	16288
129	17870
129	18569
129	19133
129	19675
130	67
130	717
130	2436
130	2467
130	4603
130	5380
130	5430
130	5606
130	6147
130	7915
130	7984
130	9482
130	10020
130	10889
130	11611
130	12717
130	12742
130	16129
130	17119
130	17960
130	19053
130	19315
131	1896
131	3075
131	3489
131	3681
131	5513
131	7301
131	7696
131	8347
131	8827
131	9130
131	10232
131	11415
131	12063
131	16228
131	16282
131	18228
131	19224
131	19350
132	1749
132	1860
132	4317
132	6977
132	7941
132	10164
132	10974
132	10976
132	13554
132	15009
132	15602
132	17889
132	18352
132	18398
132	18465
132	18662
132	19093
132	19954
133	2734
133	3832
133	5295
133	5830
133	6015
133	7443
133	7921
133	9095
133	9534
133	10532
133	10734
133	11096
133	11492
133	12832
133	12897
133	14684
133	14758
133	15626
133	16124
133	19261
133	19617
134	2499
134	2748
134	3865
134	5446
134	7641
134	8125
134	8159
134	9065
134	9587
134	11528
134	12560
134	13015
134	13297
134	14874
134	15055
134	15691
134	16830
134	17353
134	18134
134	19552
134	19590
135	196
135	855
135	2877
135	4018
135	4448
135	5431
135	6430
135	6844
135	7120
135	9694
135	10730
135	11194
135	11281
135	12819
135	12950
135	17133
135	17247
135	17351
135	18628
135	19036
136	419
136	4674
136	5864
136	6285
136	7433
136	7900
136	9019
136	9128
136	9943
136	12331
136	14581
136	15258
136	16187
136	16769
136	18965
136	19691
136	19851
137	925
137	1577
137	1663
137	5955
137	7407
137	7601
137	7633
137	9244
137	9933
137	10138
137	10461
137	10919
137	12270
137	12355
137	12564
137	14125
137	16967
137	17951
138	269
138	367
138	695
138	1694
138	4912
138	5267
138	7391
138	9011
138	9301
138	9871
138	9977
138	10063
138	10223
138	10684
138	13220
138	13628
138	14392
138	15727
138	18257
138	18379
138	19547
139	1134
139	2011
139	2197
139	2223
139	2236
139	2984
139	3061
139	5166
139	7147
139	9376
139	9551
139	11877
139	13273
139	13280
139	13355
139	13499
139	18063
139	18319
139	18697
139	19687
140	91
140	2547
140	3855
140	4340
140	5887
140	7375
140	8323
140	8327
140	8474
140	8559
140	8697
140	9558
140	11048
140	11552
140	11865
140	11964
140	14438
140	14678
140	14809
140	16225
140	16617
140	18519
140	19908
141	218
141	1513
141	2162
141	2962
141	3169
141	3175
141	4203
141	4856
141	9014
141	9083
141	10022
141	10475
141	11388
141	12686
141	12899
141	14120
141	15061
141	15747
141	15908
141	16455
141	17598
142	558
142	653
142	699
142	2010
142	2194
142	2352
142	4589
142	5320
142	6505
142	8034
142	9075
142	11115
142	11883
142	12224
142	13954
142	15699
142	16909
142	19368
143	414
143	735
143	1269
143	2242
143	4581
143	5141
143	6365
143	7368
143	7377
143	7556
143	7864
143	9579
143	13163
143	13174
143	13939
143	14009
143	14092
143	16013
143	17836
143	18584
144	254
144	1433
144	1935
144	2316
144	2955
144	3028
144	3664
144	3860
144	4621
144	6382
144	7170
144	7331
144	10752
144	12726
144	15863
144	15969
144	16033
144	16952
144	18167
144	18735
144	19104
145	663
145	1430
145	1753
145	2728
145	6215
145	7116
145	8009
145	9257
145	10225
145	10728
145	13122
145	13942
145	18207
145	19142
146	1619
146	2126
146	3241
146	6674
146	6854
146	7483
146	8053
146	8249
146	9264
146	10695
146	11195
146	11214
146	11811
146	13277
146	14735
146	16043
146	18349
146	19025
146	19054
146	19398
147	588
147	1952
147	2726
147	3105
147	3376
147	5395
147	5799
147	6319
147	6424
147	6764
147	7003
147	7402
147	9732
147	12273
147	12407
147	13688
147	14762
147	15317
147	18084
147	18775
147	19706
148	1157
148	1779
148	3063
148	5661
148	6466
148	7771
148	9596
148	10655
148	11225
148	11295
148	12679
148	13706
148	14147
148	15661
148	16102
148	17180
148	18209
148	19252
149	2136
149	3138
149	4833
149	6369
149	6589
149	9941
149	10025
149	12533
149	13638
149	13639
149	13782
149	15274
149	15770
149	16580
149	16626
149	17253
149	18660
149	19135
149	19959
150	104
150	724
150	1724
150	2530
150	5686
150	6507
150	7991
150	8134
150	8274
150	8367
150	8589
150	8818
150	9327
150	10310
150	11099
150	12051
150	12786
150	12821
150	15201
150	15887
150	16746
150	17989
151	1777
151	2241
151	2592
151	2647
151	2649
151	3505
151	3669
151	5763
151	6572
151	6657
151	7034
151	7632
151	8988
151	9835
151	10032
151	14068
151	15230
151	17158
151	19794
152	789
152	1697
152	2043
152	4055
152	4774
152	6379
152	6615
152	8075
152	8452
152	10216
152	11267
152	11829
152	12358
152	14181
152	18208
152	18289
152	18566
152	18705
152	19041
153	2383
153	4165
153	5145
153	5599
153	5703
153	7270
153	7321
153	7427
153	7761
153	7879
153	9593
153	10105
153	10273
153	11286
153	11558
153	12204
153	12478
153	13221
153	16414
153	17301
154	1067
154	2296
154	2575
154	3268
154	6503
154	6515
154	6881
154	8321
154	8655
154	9100
154	13212
154	14313
154	14813
154	14912
154	15377
154	16344
154	17634
154	19688
154	19905
155	642
155	2357
155	3586
155	3761
155	6406
155	6639
155	7581
155	8024
155	11092
155	11821
155	12587
155	14349
155	14472
155	14928
155	15239
155	16520
155	17967
155	18734
155	19107
155	19349
155	19860
156	1504
156	4089
156	5462
156	5614
156	5941
156	6141
156	8133
156	8746
156	9707
156	12466
156	13818
156	14212
156	14242
156	17874
156	19014
157	195
157	562
157	935
157	1458
157	3250
157	4729
157	5147
157	6338
157	6815
157	8708
157	9341
157	11077
157	11104
157	14619
157	14777
157	16056
157	16285
157	16783
157	18593
157	19293
158	2543
158	5392
158	5475
158	5538
158	6248
158	6471
158	6734
158	6927
158	8329
158	9058
158	10214
158	11624
158	15177
158	15503
158	16486
158	16678
158	18056
158	19615
159	751
159	2420
159	2555
159	3305
159	7774
159	8292
159	9204
159	9332
159	10011
159	10314
159	10544
159	13451
159	13961
159	15124
159	15959
159	16892
159	17034
159	17571
159	17978
159	19111
160	56
160	1203
160	2133
160	2295
160	2920
160	3575
160	7112
160	7202
160	7243
160	8403
160	8462
160	9276
160	9299
160	9408
160	11697
160	16395
160	16772
160	18050
160	18591
160	19056
160	19320
160	19983
161	120
161	1630
161	2158
161	2690
161	2842
161	4325
161	4332
161	6413
161	7090
161	8724
161	11999
161	12581
161	12961
161	13466
161	14535
161	17149
161	17902
161	17916
161	17924
161	18046
161	18096
161	19071
162	241
162	2374
162	2545
162	3541
162	4054
162	6318
162	6731
162	8108
162	8597
162	8817
162	11705
162	12288
162	13601
162	15774
162	15911
162	16096
162	16803
162	18383
163	627
163	778
163	1770
163	2991
163	4921
163	5034
163	7575
163	8013
163	8197
163	8423
163	8622
163	10613
163	11159
163	12093
163	12626
163	14729
163	15074
163	17746
163	18151
163	19816
164	574
164	1105
164	3004
164	4367
164	4788
164	5063
164	6186
164	7476
164	8426
164	8460
164	8812
164	9074
164	9250
164	14391
164	15696
164	15701
164	17774
164	18369
165	605
165	1751
165	1971
165	2431
165	3675
165	3904
165	4132
165	5865
165	6093
165	9566
165	11043
165	11560
165	12227
165	13669
165	14398
165	16934
165	17484
165	18097
165	18275
165	18872
166	207
166	7477
166	7519
166	7948
166	8921
166	8951
166	9368
166	12079
166	12179
166	12236
166	13361
166	14388
166	14722
166	17437
166	17706
166	18099
166	18736
166	18837
166	19812
166	19957
167	1009
167	2008
167	2125
167	2424
167	3967
167	4487
167	4624
167	5926
167	8522
167	9914
167	10076
167	10842
167	11396
167	12260
167	13705
167	14494
167	14939
167	15728
167	17470
168	138
168	1450
168	1728
168	2284
168	5113
168	5371
168	5424
168	7350
168	8509
168	9475
168	9895
168	10726
168	11239
168	11938
168	12072
168	13784
168	16460
168	18297
168	18702
168	19650
169	141
169	1567
169	1804
169	2445
169	4742
169	4830
169	4862
169	5560
169	6895
169	9725
169	9953
169	10978
169	12615
169	14708
169	15979
169	16972
169	19308
169	19777
170	828
170	2323
170	2773
170	4951
170	7299
170	8443
170	11052
170	12578
170	12985
170	14179
170	14878
170	16954
170	17029
170	17288
170	18321
170	19253
170	19718
171	577
171	1156
171	1540
171	2205
171	2829
171	3919
171	4179
171	4711
171	6189
171	6443
171	8590
171	11752
171	14634
171	14976
171	15670
171	16262
171	17881
171	18345
171	19749
172	963
172	1606
172	1756
172	1848
172	2092
172	3916
172	4086
172	4994
172	5759
172	6999
172	7057
172	7927
172	8297
172	10126
172	10286
172	12163
172	14435
172	15454
172	16443
172	17014
173	1173
173	2036
173	3340
173	3386
173	4958
173	5718
173	6185
173	7586
173	8243
173	8311
173	10176
173	12299
173	13125
173	14873
173	14959
173	15846
173	16457
173	16586
173	18994
173	19004
173	19418
174	2320
174	2795
174	3672
174	4582
174	5618
174	5709
174	6302
174	6306
174	6502
174	6735
174	7008
174	8600
174	9735
174	10142
174	10953
174	11577
174	11690
174	12111
174	14832
174	14839
174	15912
174	18801
174	18889
175	489
175	2161
175	5366
175	5766
175	7086
175	8934
175	9337
175	9723
175	10788
175	11613
175	12085
175	13231
175	13687
175	14628
175	17450
175	17955
175	18217
175	18830
176	667
176	1467
176	2020
176	3203
176	5619
176	5667
176	5971
176	6342
176	8396
176	9702
176	9722
176	9766
176	10248
176	14277
176	14424
176	15251
176	15737
176	16924
176	19538
176	19742
177	137
177	2056
177	3106
177	4611
177	4786
177	6086
177	6293
177	6439
177	8661
177	9066
177	9136
177	10311
177	15476
177	16348
177	16549
177	16677
177	17036
177	18498
177	19527
177	19875
178	297
178	841
178	1508
178	2632
178	3014
178	3820
178	3913
178	5406
178	5544
178	5937
178	6040
178	8836
178	12848
178	13512
178	15273
178	15459
178	16346
178	17007
178	17287
178	18589
178	18622
179	2859
179	3625
179	3982
179	4390
179	7392
179	9320
179	9601
179	10550
179	10821
179	16077
179	17479
179	18159
179	18948
179	19579
180	384
180	1435
180	2270
180	3797
180	3923
180	3925
180	4704
180	6545
180	7602
180	7797
180	13791
180	15161
180	15399
180	15600
180	16326
180	18250
180	18674
180	18954
180	19434
181	411
181	1266
181	1999
181	2827
181	3367
181	3549
181	3874
181	4360
181	5474
181	7509
181	7790
181	8235
181	9283
181	11836
181	13871
181	14362
181	14553
181	15739
181	18344
181	19647
182	1638
182	1771
182	2058
182	2974
182	3260
182	5228
182	9334
182	10143
182	10640
182	11884
182	15302
182	15842
182	16049
182	17272
182	17579
182	18625
182	19087
183	418
183	3276
183	4688
183	5213
183	7158
183	7847
183	9235
183	12689
183	12860
183	13836
183	14164
183	14804
183	15386
183	15813
183	16866
183	17412
183	17448
183	18270
183	18452
183	18580
183	18959
184	649
184	2307
184	2546
184	2889
184	3324
184	3568
184	3773
184	4399
184	6166
184	6260
184	7381
184	9045
184	10194
184	11098
184	11815
184	13692
184	13820
184	15530
184	17950
184	18126
184	19159
185	161
185	256
185	1800
185	3899
185	4461
185	4543
185	5413
185	6670
185	8342
185	8755
185	8931
185	9129
185	11403
185	13229
185	13387
185	16533
185	16959
185	19103
185	19291
185	19903
186	974
186	1352
186	1782
186	2044
186	2261
186	2674
186	2716
186	4504
186	4506
186	5535
186	6254
186	6669
186	6761
186	8612
186	9600
186	10915
186	11563
186	12537
186	13492
186	14979
186	18551
187	194
187	231
187	812
187	2720
187	3486
187	4975
187	5343
187	6912
187	10473
187	10724
187	11199
187	13193
187	13891
187	14227
187	14718
187	14771
187	17037
187	17467
187	17837
187	18294
188	388
188	915
188	1745
188	3206
188	5156
188	6021
188	7720
188	7800
188	7926
188	10718
188	11833
188	12808
188	13219
188	13453
188	14375
188	15332
188	16118
188	17162
189	357
189	622
189	1247
189	2615
189	2750
189	3001
189	5095
189	7249
189	7767
189	8072
189	8093
189	8846
189	9392
189	11740
189	12549
189	13119
189	13816
189	15861
189	16070
189	17196
189	18907
190	87
190	1113
190	1162
190	1346
190	3178
190	3438
190	5690
190	7310
190	10398
190	12412
190	12676
190	12824
190	12920
190	12945
190	15827
190	16153
190	17126
190	17510
190	17582
190	18045
190	18136
191	1558
191	1705
191	2066
191	2729
191	5173
191	5460
191	6779
191	8061
191	8910
191	9496
191	9748
191	10325
191	11343
191	11638
191	12067
191	13314
191	14309
191	14390
191	14426
191	16309
191	18191
192	5525
192	6111
192	6334
192	6921
192	8660
192	8760
192	9749
192	10522
192	11128
192	11923
192	12177
192	13983
192	15586
192	17798
192	17848
192	18124
192	19090
193	179
193	803
193	1537
193	1617
193	3034
193	3567
193	4083
193	6414
193	9814
193	10282
193	10922
193	12145
193	12375
193	14321
193	14618
193	15126
193	16840
193	16902
193	17243
193	18373
194	929
194	2528
194	6688
194	7613
194	8282
194	8310
194	8464
194	12426
194	13089
194	13166
194	13854
194	13951
194	14124
194	14332
194	14418
194	16268
194	18632
194	19043
194	19824
195	322
195	404
195	592
195	1855
195	2580
195	3543
195	4401
195	6807
195	7917
195	8186
195	8706
195	8923
195	9138
195	13540
195	15434
195	16509
195	17511
195	17879
196	209
196	572
196	586
196	708
196	1893
196	2485
196	2559
196	2845
196	4530
196	4874
196	6829
196	7257
196	8263
196	8449
196	9246
196	9743
196	13937
196	14293
196	16103
196	16717
196	18486
197	613
197	989
197	1821
197	2113
197	4128
197	5260
197	6296
197	6495
197	8300
197	8732
197	8978
197	11027
197	11454
197	14083
197	15988
197	16511
197	18132
197	18600
198	957
198	1278
198	1734
198	2119
198	3655
198	4271
198	6180
198	6868
198	7674
198	8707
198	8767
198	9959
198	11134
198	11704
198	12357
198	14394
198	18074
198	19232
198	19974
199	11
199	428
199	478
199	1100
199	1241
199	1279
199	2211
199	5013
199	8564
199	8774
199	9487
199	10244
199	11024
199	12131
199	13806
199	13890
199	14047
199	14776
199	15167
199	15192
199	16545
199	18509
200	53
200	648
200	726
200	1158
200	2149
200	2164
200	2433
200	3775
200	5896
200	6567
200	8040
200	8183
200	8525
200	8625
200	8833
200	10657
200	12619
200	13462
200	15341
200	16315
200	19292
201	2652
201	4169
201	4256
201	4377
201	5468
201	5975
201	6375
201	8306
201	9141
201	9179
201	9713
201	9946
201	10496
201	10977
201	11630
201	14845
201	15431
201	16709
201	17096
201	18656
202	698
202	840
202	2630
202	2905
202	5079
202	7198
202	7825
202	9363
202	9591
202	11138
202	12614
202	13418
202	15415
202	16195
202	16837
202	17402
202	18841
202	19391
202	19442
202	19497
203	3628
203	4431
203	5169
203	5532
203	5793
203	6930
203	7471
203	8406
203	9700
203	10451
203	10685
203	12059
203	12662
203	13530
203	15564
203	16806
203	17954
203	18437
203	18812
204	319
204	372
204	660
204	5522
204	7228
204	7491
204	8036
204	8548
204	8982
204	10268
204	10293
204	12360
204	14915
204	15975
204	16953
204	17123
205	4057
205	4133
205	5017
205	5220
205	5265
205	5518
205	7465
205	8620
205	8928
205	9477
205	10921
205	11124
205	12471
205	14921
205	16862
205	17678
205	18361
205	18412
206	97
206	405
206	3219
206	4425
206	4520
206	5734
206	5769
206	6559
206	6614
206	8521
206	8950
206	10679
206	10902
206	11679
206	11680
206	12785
206	13691
206	14908
206	15871
206	15965
206	17573
206	18544
207	1474
207	1564
207	4588
207	6450
207	8387
207	9887
207	9897
207	10535
207	12231
207	12266
207	13413
207	14267
207	15575
207	16189
207	18156
207	18537
207	18890
207	19513
207	19605
208	863
208	900
208	1019
208	3456
208	5081
208	7164
208	8857
208	9469
208	10781
208	11325
208	11439
208	11539
208	12805
208	13050
208	13261
208	13607
208	16771
208	17986
208	19278
208	19487
209	2053
209	2110
209	3877
209	4379
209	5253
209	5573
209	6352
209	7380
209	8078
209	10878
209	12916
209	13408
209	13952
209	14076
209	14699
209	15419
209	15483
209	16136
209	18200
209	18895
209	19202
209	19259
210	12
210	334
210	1498
210	2012
210	4999
210	7595
210	7605
210	8037
210	9676
210	9949
210	10354
210	10488
210	12600
210	14142
210	14408
210	15025
210	17832
210	19995
211	3
211	1731
211	1743
211	3511
211	3697
211	9134
211	10102
211	10669
211	12281
211	13045
211	13849
211	14599
211	16526
211	16816
211	17141
211	17834
211	18488
212	2139
212	2660
212	3510
212	4640
212	4834
212	4907
212	7836
212	8875
212	9990
212	10321
212	12810
212	14103
212	14509
212	15376
212	15812
212	19530
212	19869
213	286
213	448
213	533
213	2135
213	2624
213	2824
213	2826
213	2908
213	5338
213	7727
213	7840
213	8097
213	8233
213	10916
213	14527
213	14763
213	15792
213	16072
213	16364
213	18201
214	1587
214	2841
214	3205
214	4590
214	4702
214	5875
214	6678
214	6843
214	6940
214	7907
214	8223
214	8664
214	12024
214	12565
214	12957
214	13060
214	14152
214	14223
214	14693
214	17751
214	17758
215	921
215	1798
215	3071
215	4161
215	4474
215	4500
215	5798
215	6094
215	6192
215	8199
215	8414
215	8919
215	8997
215	9657
215	14197
215	16332
215	16791
215	19787
216	491
216	521
216	2077
216	2169
216	3897
216	5505
216	5656
216	6856
216	8164
216	8726
216	8800
216	11909
216	12090
216	12240
216	12289
216	13897
216	14456
216	14539
216	14977
216	16861
217	3298
217	3393
217	3453
217	4228
217	4852
217	5972
217	7653
217	9176
217	10257
217	10885
217	12798
217	13796
217	14518
217	16160
217	16423
217	16651
217	17644
217	17729
217	17818
217	19841
218	1589
218	2618
218	2761
218	4561
218	4984
218	5483
218	5644
218	7010
218	7092
218	9197
218	9306
218	9741
218	13734
218	14495
218	15105
218	15660
218	16089
218	16670
218	17198
218	17313
218	18230
218	19375
219	4
219	1915
219	3728
219	4794
219	6247
219	6581
219	7071
219	7645
219	7931
219	7968
219	10067
219	10168
219	10526
219	11066
219	13311
219	14175
219	14203
219	14342
219	15001
219	18283
220	1787
220	2073
220	2317
220	2958
220	3606
220	3966
220	6315
220	8150
220	8814
220	9114
220	10213
220	10650
220	11801
220	12683
220	16477
220	16856
220	17895
220	18163
220	18194
220	19129
221	772
221	1132
221	1204
221	2708
221	4973
221	5445
221	8010
221	8217
221	11101
221	12007
221	12276
221	13043
221	13341
221	14114
221	15252
221	16794
221	17503
221	18175
221	18341
221	19318
222	44
222	501
222	1234
222	2491
222	3180
222	5788
222	6317
222	6672
222	6891
222	7203
222	7370
222	7730
222	7826
222	8408
222	11368
222	18681
222	19115
223	522
223	540
223	1829
223	4350
223	4851
223	6092
223	8556
223	8975
223	9912
223	10180
223	10577
223	11466
223	12164
223	13186
223	13485
223	14328
223	15066
223	15279
223	16036
223	18707
224	2475
224	3095
224	3384
224	3995
224	5195
224	5648
224	5816
224	6034
224	6108
224	6711
224	6973
224	8858
224	10064
224	10853
224	13619
224	16690
224	17284
224	17808
224	17918
224	18546
225	2860
225	3397
225	4920
225	6196
225	6231
225	6353
225	6357
225	8434
225	9227
225	11498
225	11955
225	13190
225	15019
225	15850
225	15945
225	16466
225	16618
225	17496
225	17616
225	18274
226	874
226	2013
226	2701
226	2709
226	3369
226	5436
226	5467
226	6798
226	7890
226	11889
226	13944
226	14420
226	16240
226	16330
226	19099
226	19558
227	68
227	174
227	581
227	712
227	1230
227	2005
227	3414
227	3879
227	5351
227	5977
227	6441
227	8777
227	8851
227	10964
227	16782
227	16886
227	19448
228	936
228	3059
228	6772
228	6875
228	6959
228	7614
228	8862
228	10783
228	11746
228	12943
228	13138
228	13302
228	14461
228	15318
228	17512
228	19321
228	19679
228	19896
229	300
229	1196
229	3159
229	3392
229	6625
229	6922
229	7031
229	7314
229	7754
229	8287
229	8350
229	8644
229	9379
229	10502
229	11256
229	14667
229	15308
229	15731
229	16452
229	16702
229	16743
230	1023
230	1276
230	1448
230	6476
230	7463
230	9352
230	10513
230	10528
230	11392
230	13102
230	13473
230	14360
230	14732
230	15136
230	15606
230	15885
230	17038
230	17060
230	18082
230	18561
230	19929
231	2363
231	2607
231	4145
231	4673
231	4710
231	5179
231	7336
231	10819
231	11196
231	12851
231	13908
231	14003
231	14674
231	14715
231	15110
231	15287
231	16819
232	1801
232	1933
232	3026
232	3467
232	4989
232	8391
232	8575
232	9076
232	10324
232	10854
232	11672
232	12503
232	12910
232	14151
232	14243
232	15080
232	15922
232	17548
232	18888
232	19779
233	247
233	490
233	1604
233	1844
233	2639
233	3444
233	5889
233	7983
233	8466
233	11212
233	11743
233	11968
233	12348
233	13671
233	14228
233	16763
233	16871
233	16918
233	18582
233	18642
234	1144
234	1601
234	1643
234	5848
234	6753
234	6765
234	7450
234	8273
234	8527
234	10438
234	10497
234	11280
234	11651
234	12313
234	14233
234	14386
234	18137
234	18416
234	19451
235	754
235	819
235	3317
235	3345
235	3692
235	4666
235	5102
235	5776
235	6811
235	7777
235	9833
235	11094
235	12582
235	12901
235	13227
235	13458
235	13579
235	16706
235	19245
235	19314
235	19928
235	19991
236	2042
236	2650
236	2749
236	4990
236	5704
236	7114
236	7453
236	8372
236	10595
236	11248
236	11693
236	12650
236	14102
236	15261
236	15605
236	15625
236	19096
236	19762
237	3782
237	4950
237	8177
237	8493
237	9387
237	10159
237	11277
237	12020
237	12165
237	12414
237	12774
237	13139
237	13710
237	14399
237	14402
237	14770
237	15078
237	15549
237	15672
237	16625
237	17477
238	235
238	1302
238	4242
238	4553
238	4567
238	5123
238	8139
238	9495
238	10973
238	11058
238	11808
238	11819
238	12091
238	12250
238	14158
238	18533
238	18699
239	814
239	1106
239	1463
239	7802
239	7881
239	10278
239	11169
239	11646
239	16976
239	17517
239	18636
239	19046
239	19428
239	19576
240	34
240	41
240	3125
240	6082
240	6156
240	6167
240	8759
240	10099
240	10847
240	10898
240	12513
240	13168
240	13714
240	13967
240	15294
240	16766
240	18920
240	19130
240	19207
241	647
241	1258
241	1712
241	1959
241	3760
241	4825
241	5050
241	5312
241	5439
241	6204
241	6586
241	8246
241	9462
241	9537
241	9658
241	10312
241	11853
241	12651
241	14160
241	14716
241	17170
242	30
242	234
242	480
242	2033
242	2441
242	2757
242	4051
242	6913
242	8501
242	8927
242	9785
242	10791
242	11503
242	12112
242	13192
242	15077
242	15913
242	19895
243	2976
243	3307
243	5531
243	5757
243	5936
243	6805
243	7715
243	8082
243	9807
243	13143
243	13324
243	13456
243	14356
243	16579
243	16632
243	17035
243	17433
244	1985
244	2057
244	2067
244	2941
244	2994
244	4997
244	5960
244	7118
244	9288
244	11645
244	11784
244	12397
244	12940
244	13062
244	13365
244	13805
244	13993
244	14764
244	15534
244	16569
244	19324
244	19728
245	327
245	606
245	714
245	906
245	1277
245	1546
245	2390
245	2583
245	5054
245	8000
245	9737
245	10384
245	10719
245	12773
245	13729
245	14266
245	15133
245	17381
245	17449
245	18854
245	19460
245	19569
246	177
246	430
246	4631
246	5818
246	7480
246	9040
246	15215
246	15245
246	15381
246	16756
246	17352
246	17803
246	18497
246	18880
246	19156
246	19388
246	19734
247	1252
247	1436
247	1549
247	2508
247	2890
247	3142
247	4901
247	4917
247	5372
247	5851
247	7176
247	8146
247	9467
247	9739
247	11386
247	11571
247	11951
247	13552
247	13800
247	14404
247	16438
247	17518
247	18308
248	1183
248	2068
248	2762
248	5993
248	6250
248	6488
248	8929
248	10765
248	11493
248	13286
248	13925
248	14427
248	14615
248	16217
248	17930
248	19051
249	700
249	1831
249	1872
249	1916
249	3658
249	5787
249	6385
249	6484
249	7640
249	7820
249	8184
249	8640
249	10055
249	10601
249	11545
249	12105
249	12853
249	14214
249	15374
249	16310
249	16394
249	16440
249	17893
249	19822
250	2911
250	3546
250	6433
250	7611
250	8358
250	8606
250	9455
250	10405
250	10626
250	11191
250	11478
250	11786
250	12038
250	12247
250	13918
250	15822
250	18192
251	1104
251	1760
251	5263
251	5493
251	7139
251	7726
251	8035
251	9315
251	12835
251	12937
251	14333
251	15469
251	15862
251	16353
251	17759
251	18076
251	19514
251	19776
252	3173
252	4928
252	6002
252	8417
252	9322
252	10500
252	11014
252	11974
252	15281
252	15673
252	16734
252	16748
252	17283
252	17465
252	19329
252	19702
252	19831
253	333
253	2873
253	3024
253	3267
253	5234
253	5727
253	8733
253	9521
253	9942
253	11176
253	11554
253	12383
253	12745
253	14679
253	16321
253	17406
253	18414
253	19582
254	1095
254	1315
254	1361
254	4238
254	4696
254	5712
254	7723
254	8062
254	8599
254	8613
254	9025
254	9388
254	11643
254	12149
254	13006
254	13565
254	14603
254	16990
254	19467
255	856
255	1363
255	1904
255	3223
255	4163
255	5339
255	7544
255	10445
255	10481
255	11226
255	12624
255	12885
255	14574
255	14617
255	14731
255	16069
255	16280
255	17229
255	17478
255	17777
255	18434
255	18816
256	457
256	1349
256	1459
256	3201
256	6052
256	7899
256	7997
256	9986
256	10082
256	10242
256	10557
256	11089
256	11335
256	11358
256	11799
256	13385
256	16607
256	16660
257	270
257	1477
257	2111
257	3684
257	3986
257	4009
257	5952
257	7680
257	8618
257	10269
257	10646
257	10912
257	11764
257	14449
257	17501
257	17689
257	18020
257	18267
257	18477
257	18795
257	19183
258	1244
258	1442
258	2019
258	2388
258	4244
258	4537
258	4978
258	5904
258	6037
258	6214
258	7751
258	8459
258	8479
258	11105
258	13323
258	15669
258	15744
258	17723
258	18427
258	18586
258	18886
258	19366
259	560
259	1618
259	1947
259	2257
259	3336
259	3698
259	4323
259	4533
259	6088
259	6194
259	6490
259	6683
259	7979
259	9716
259	9890
259	12743
259	13332
259	18329
259	18706
259	19701
259	19835
260	145
260	173
260	2907
260	3121
260	3977
260	4008
260	4800
260	5317
260	8799
260	8954
260	11417
260	12789
260	13296
260	13846
260	15149
260	15364
260	15412
260	16263
260	16464
260	17185
260	19016
260	19885
261	1202
261	1522
261	1649
261	2141
261	2331
261	3475
261	7933
261	12338
261	14271
261	15542
261	15784
261	17028
261	17144
261	17988
261	18024
261	19002
261	19344
261	19649
262	203
262	993
262	1298
262	1521
262	2458
262	2466
262	2610
262	2657
262	3281
262	3516
262	3677
262	8101
262	8136
262	10754
262	11812
262	13780
262	14924
262	16563
262	17206
262	17366
263	143
263	1207
263	4216
263	6942
263	8598
263	8754
263	9640
263	10035
263	10393
263	11136
263	11211
263	11761
263	14936
263	15070
263	15907
263	16338
263	17965
263	18224
263	18878
263	19435
263	19577
263	19862
264	868
264	1030
264	1130
264	4733
264	4916
264	5868
264	8444
264	8557
264	10704
264	11034
264	11390
264	13269
264	13527
264	14163
264	15141
264	17865
264	17979
265	337
265	584
265	1127
265	1868
265	2349
265	5194
265	5473
265	6849
265	8534
265	8970
265	9934
265	11490
265	12244
265	12440
265	13703
265	14101
265	14134
265	14587
265	14851
265	15452
265	17230
265	18549
265	19239
265	19846
266	977
266	980
266	1316
266	1789
266	2435
266	3221
266	4712
266	6129
266	6162
266	8715
266	9028
266	9239
266	11702
266	11984
266	13306
266	17504
266	18077
266	19264
267	227
267	542
267	1231
267	2202
267	3528
267	4094
267	4507
267	4931
267	6242
267	7811
267	8361
267	8725
267	11339
267	13116
267	15617
267	17188
267	17614
267	19484
268	78
268	239
268	779
268	3581
268	4573
268	5327
268	5823
268	8648
268	9070
268	9242
268	10360
268	11330
268	12792
268	14829
268	15465
268	15896
268	16127
268	16292
268	17574
268	19284
269	829
269	2336
269	2514
269	2977
269	5534
269	5659
269	7719
269	8829
269	8942
269	9690
269	12948
269	13868
269	14552
269	15017
269	16429
269	17535
269	17931
269	19110
269	19141
269	19525
270	321
270	1368
270	3377
270	3841
270	5190
270	5350
270	6031
270	6295
270	7441
270	8122
270	8138
270	8796
270	9153
270	10762
270	13376
270	15202
270	17209
270	17221
270	17327
270	19782
271	1126
271	1879
271	2558
271	4001
271	4075
271	4222
271	5144
271	5729
271	8120
271	8240
271	9069
271	9606
271	9918
271	10454
271	10701
271	11040
271	13608
271	14828
271	14852
271	16047
271	16639
272	2830
272	2840
272	3759
272	4120
272	6733
272	7012
272	7142
272	7167
272	7229
272	7507
272	8415
272	8562
272	9516
272	11834
272	12904
272	14396
272	16668
272	17473
272	17666
272	18388
272	18855
273	634
273	2106
273	4658
273	5197
273	5408
273	5554
273	6211
273	6255
273	8582
273	11576
273	12638
273	14517
273	14861
273	15134
273	17015
273	17178
273	18883
273	19201
274	21
274	677
274	955
274	2556
274	2569
274	2815
274	3691
274	4171
274	4743
274	5277
274	5593
274	7716
274	9110
274	10299
274	10979
274	12532
274	13249
274	14885
274	14974
274	15148
274	15941
274	15970
275	1873
275	2283
275	2430
275	3157
275	4797
275	5040
275	5116
275	5933
275	8411
275	10045
275	10370
275	11049
275	11914
275	12923
275	13432
275	13976
275	14397
275	15859
275	18025
276	6547
276	6866
276	6978
276	6991
276	7168
276	8307
276	9719
276	12106
276	12766
276	12827
276	13518
276	14172
276	14620
276	15495
276	15589
276	15612
276	16785
276	17197
276	19256
276	19476
277	375
277	784
277	1189
277	1527
277	2978
277	3155
277	5506
277	6550
277	7294
277	7850
277	9122
277	9285
277	11348
277	12987
277	13023
277	13259
277	14744
277	15915
277	15919
277	18522
277	19095
277	19669
278	3649
278	4805
278	4971
278	6238
278	6467
278	9706
278	12896
278	14723
278	14727
278	14864
278	15570
278	15767
278	15962
278	16037
278	16350
278	16747
278	16764
278	17207
278	17672
278	17692
278	18104
278	18494
279	1391
279	1634
279	3907
279	7996
279	8127
279	11120
279	11177
279	11700
279	12528
279	13254
279	13358
279	14091
279	17591
279	18919
280	1342
280	2959
280	3390
280	5414
280	6323
280	10265
280	12995
280	14019
280	14443
280	14831
280	14919
280	15687
280	16403
280	17427
281	1323
281	2741
281	3055
281	3466
281	6516
281	7724
281	8794
281	8841
281	10184
281	11228
281	12425
281	13113
281	13821
281	14432
281	15551
281	15721
281	18419
281	19599
281	19856
281	19996
282	3903
282	4552
282	5072
282	5529
282	6173
282	7379
282	8121
282	8244
282	9056
282	9206
282	11131
282	15299
282	15825
282	15892
282	16965
282	19916
282	19919
283	412
283	862
283	1206
283	1624
283	2134
283	2343
283	4277
283	5281
283	5705
283	9456
283	10101
283	11097
283	12376
283	13010
283	15929
283	16978
283	17187
283	17637
283	18967
283	19136
283	19859
284	8
284	607
284	2539
284	2562
284	2764
284	4170
284	4499
284	5744
284	6138
284	7515
284	7536
284	7593
284	10241
284	11449
284	14655
284	15926
284	16704
284	18483
285	775
285	1165
285	2238
285	2866
285	3136
285	6904
285	7492
285	7599
285	7810
285	8984
285	9561
285	10739
285	12838
285	13105
285	13644
285	14006
285	18396
285	18856
285	19616
285	19806
286	111
286	393
286	777
286	1242
286	1297
286	1951
286	5316
286	5363
286	5934
286	6965
286	7259
286	9830
286	12462
286	14526
286	14530
286	15935
286	17945
286	18181
286	18527
287	118
287	567
287	589
287	3383
287	3750
287	4818
287	5558
287	6642
287	8482
287	9010
287	9536
287	10766
287	11524
287	12350
287	12898
287	13566
287	13772
287	13808
287	13869
287	14595
287	16347
287	16799
287	16890
288	93
288	160
288	1973
288	4823
288	5221
288	6884
288	7468
288	7525
288	7779
288	7863
288	7905
288	8933
288	13439
288	16311
288	17927
289	366
289	532
289	1324
289	2220
289	2772
289	4205
289	4747
289	5344
289	8789
289	9592
289	10271
289	10587
289	10829
289	13711
289	13759
289	13974
289	16398
289	16898
289	17059
289	17476
289	19378
290	1003
290	1072
290	1191
290	1454
290	2381
290	3824
290	4045
290	7748
290	7837
290	7856
290	8236
290	8992
290	9540
290	9837
290	10717
290	11240
290	12352
290	13475
290	16938
290	17143
290	17913
290	19275
291	565
291	1431
291	2869
291	3110
291	3291
291	3789
291	4413
291	8102
291	9120
291	11342
291	11649
291	12566
291	12963
291	13157
291	13321
291	16375
291	16654
291	17734
291	18538
291	18627
292	163
292	538
292	1146
292	1874
292	2232
292	2942
292	4665
292	5626
292	5802
292	6771
292	7044
292	7209
292	9582
292	9729
292	11397
292	11631
292	13668
292	18311
292	18545
293	61
293	776
293	795
293	1246
293	1262
293	2038
293	2064
293	2280
293	3465
293	4365
293	7815
293	8374
293	8668
293	10389
293	10920
293	11156
293	12013
293	13570
293	13858
293	14131
293	17812
294	2965
294	3418
294	4039
294	4309
294	8096
294	8285
294	11338
294	12104
294	12123
294	12704
294	13144
294	13308
294	13343
294	13484
294	13496
294	13751
294	14904
294	14946
294	16525
294	17077
294	18480
295	51
295	282
295	1068
295	4618
295	4828
295	5391
295	5415
295	5555
295	7054
295	9547
295	12125
295	14778
295	15311
295	15639
295	16711
295	18459
296	88
296	446
296	1443
296	3887
296	4088
296	5097
296	5115
296	5150
296	6425
296	6540
296	6635
296	8352
296	9158
296	10033
296	10798
296	12259
296	15338
296	18609
296	18618
297	86
297	1958
297	3374
297	4174
297	6477
297	7119
297	9192
297	10092
297	10458
297	10466
297	11154
297	11922
297	12439
297	13848
297	14659
297	16322
297	17526
297	17770
297	18554
297	18724
298	110
298	1778
298	2980
298	3934
298	5376
298	8226
298	8993
298	9509
298	11698
298	12444
298	12736
298	13226
298	13252
298	13893
298	15119
298	15893
298	17724
298	19233
299	1538
299	3863
299	4732
299	5508
299	6355
299	6524
299	6600
299	8451
299	9092
299	11119
299	12705
299	12993
299	13258
299	15981
299	16465
299	16710
299	17097
299	17630
299	17939
299	18555
300	80
300	802
300	1427
300	2055
300	2797
300	3094
300	5271
300	5503
300	5822
300	6226
300	6246
300	7272
300	9697
300	9974
300	11996
300	13559
300	15238
300	18568
300	19037
300	19327
301	2022
301	3406
301	5664
301	5922
301	6514
301	7554
301	7878
301	8541
301	9806
301	10612
301	12129
301	12470
301	13856
301	15936
301	16517
301	16653
301	16963
301	18094
301	19034
302	350
302	470
302	981
302	1473
302	4583
302	6268
302	7598
302	7708
302	8653
302	10362
302	12099
302	13474
302	15303
302	15768
302	16097
302	17290
302	17900
302	18516
302	18843
303	363
303	3093
303	3394
303	4615
303	5946
303	7107
303	7275
303	9589
303	11400
303	12362
303	12833
303	13008
303	13912
303	15438
303	15562
303	15676
303	18779
303	19266
304	1199
304	1254
304	2473
304	2605
304	2737
304	7473
304	7838
304	9200
304	9524
304	10202
304	11841
304	13968
304	14174
304	14364
304	15118
304	16876
304	17527
304	19556
305	166
305	1645
305	1768
305	4746
305	5458
305	5858
305	6418
305	8778
305	10691
305	11626
305	12437
305	12594
305	13333
305	13648
305	15320
305	17125
305	17383
305	17459
305	18225
306	1
306	1365
306	1964
306	3564
306	4547
306	4560
306	7342
306	8135
306	8825
306	9229
306	9470
306	10975
306	12933
306	15764
306	18688
306	19568
307	3015
307	3793
307	4678
307	5323
307	6871
307	7412
307	8089
307	8433
307	8510
307	8897
307	9654
307	10283
307	12379
307	13129
307	14662
307	16168
307	18578
307	19542
308	1331
308	1977
308	3228
308	3629
308	6316
308	6431
308	7205
308	7436
308	8791
308	8990
308	11724
308	12436
308	12474
308	12515
308	13876
308	15539
308	18833
308	19045
308	19048
309	2846
309	3135
309	4584
309	5841
309	6054
309	6682
309	6792
309	13799
309	14281
309	14948
309	15766
309	16767
309	17553
309	18122
309	19381
309	19773
310	176
310	223
310	593
310	3805
310	4207
310	4243
310	5903
310	6627
310	7806
310	8250
310	11661
310	11860
310	12022
310	14594
310	16505
310	16945
310	17772
310	18534
310	18700
311	728
311	1371
311	1457
311	1525
311	2574
311	3164
311	3598
311	4053
311	4681
311	5457
311	7278
311	11711
311	15839
311	17267
311	18117
311	19613
312	339
312	1142
312	1676
312	3442
312	6124
312	6445
312	6840
312	8314
312	9520
312	9656
312	10810
312	10905
312	11905
312	12618
312	13208
312	13276
312	13602
312	14001
312	15221
312	15249
312	16849
312	17619
312	17827
312	19685
313	1516
313	2604
313	3612
313	3734
313	3798
313	4541
313	4596
313	6713
313	7655
313	8336
313	9966
313	10185
313	12339
313	12479
313	13090
313	13281
313	14963
313	17046
313	17063
313	17293
313	18652
313	19966
314	630
314	982
314	4079
314	4484
314	7075
314	7845
314	8021
314	11534
314	13196
314	14532
314	14656
314	14687
314	15293
314	15449
314	16046
314	18165
314	18491
314	18923
315	2868
315	3017
315	3029
315	4268
315	5970
315	6081
315	6090
315	6894
315	7106
315	7827
315	9649
315	11726
315	12461
315	13195
315	15646
315	17741
315	18862
315	18901
315	19164
315	19444
315	19450
316	1251
316	1551
316	3261
316	5219
316	5358
316	6598
316	6654
316	7652
316	8129
316	8405
316	9318
316	10741
316	11749
316	12048
316	13288
316	14350
316	14799
316	15920
316	16753
316	16955
316	18091
316	18336
316	19033
316	19490
317	1407
317	4388
317	4619
317	6658
317	9808
317	10077
317	11604
317	11655
317	11767
317	13970
317	15100
317	15702
317	16023
317	17463
317	17696
317	18010
317	19337
317	19470
317	19554
318	434
318	568
318	1347
318	2440
318	4940
318	5428
318	5533
318	6096
318	8558
318	8705
318	9087
318	12275
318	14231
318	14541
318	15342
318	17488
318	19611
319	782
319	2292
319	4131
319	4402
319	4685
319	5491
319	5700
319	7542
319	8267
319	8721
319	9490
319	9523
319	10865
319	11657
319	12080
319	13409
319	13771
319	15489
319	17684
320	1198
320	1519
320	1744
320	1839
320	2967
320	3233
320	4411
320	5340
320	7667
320	9362
320	10005
320	10261
320	10632
320	14237
320	16701
320	18236
320	18682
320	18838
320	19031
321	1001
321	1500
321	1957
321	2745
321	4757
321	5754
321	5814
321	6776
321	8711
321	8805
321	9874
321	10809
321	11887
321	12456
321	13351
321	13973
321	14185
321	14401
321	16462
321	19118
322	242
322	3573
322	4299
322	4337
322	4347
322	6349
322	6426
322	7067
322	7446
322	9157
322	9555
322	10653
322	11121
322	12721
322	12809
322	13946
322	15498
322	16493
322	19433
323	1087
323	1286
323	2098
323	2407
323	2710
323	4037
323	5829
323	6286
323	6892
323	7535
323	9758
323	9794
323	15037
323	16453
323	17565
323	19059
324	283
324	948
324	2614
324	3403
324	3435
324	4090
324	5256
324	5387
324	6009
324	7793
324	8609
324	9646
324	10822
324	12136
324	12942
324	14814
324	15443
324	16444
324	17020
324	17549
325	1065
325	1175
325	2681
325	3807
325	4409
325	4982
325	6008
325	6728
325	7424
325	8676
325	8949
325	9097
325	13202
325	13853
325	13949
325	16507
325	17453
325	18310
325	19461
325	19693
325	19842
326	1994
326	2576
326	3873
326	4734
326	6345
326	6508
326	6981
326	7438
326	8181
326	8544
326	9440
326	11209
326	11382
326	12361
326	12875
326	13535
326	13963
326	14567
326	17152
326	18828
326	19196
326	19998
327	316
327	792
327	961
327	1946
327	2321
327	2678
327	3732
327	4182
327	5024
327	5564
327	5779
327	10145
327	11031
327	14789
327	17541
327	18145
327	18443
327	19581
328	1849
328	3365
328	4759
328	8516
328	9080
328	9411
328	10017
328	11401
328	12371
328	12511
328	13498
328	13660
328	13865
328	14324
328	14724
328	15098
328	17171
328	17778
328	18506
328	19155
329	19
329	744
329	1421
329	1781
329	3348
329	4894
329	6473
329	6985
329	8143
329	9365
329	9415
329	11582
329	14882
329	16210
329	16804
329	18649
329	19888
330	1052
330	1270
330	1622
330	1826
330	2272
330	2880
330	3421
330	3563
330	3608
330	4895
330	5826
330	7117
330	8636
330	8785
330	8907
330	10753
330	11899
330	14196
330	14202
330	19194
330	19227
331	904
331	911
331	2763
331	4669
331	5215
331	8153
331	8343
331	10392
331	10901
331	11022
331	12553
331	13589
331	13750
331	14173
331	14493
331	15957
331	17167
331	17566
331	17791
331	18268
332	2867
332	2919
332	4455
332	8651
332	9421
332	9703
332	10204
332	10208
332	10572
332	11108
332	11426
332	12498
332	13216
332	14850
332	14962
332	15140
332	15937
332	16781
332	17674
333	277
333	576
333	1862
333	3766
333	3914
333	4003
333	7882
333	8099
333	9568
333	10578
333	10629
333	11178
333	11939
333	15353
333	15559
333	15684
333	15695
333	18664
333	19507
333	19652
334	1725
334	2665
334	3584
334	4335
334	4519
334	4545
334	6039
334	6611
334	6689
334	8498
334	8518
334	9648
334	11431
334	12065
334	14138
334	16191
334	16899
334	17075
334	18680
335	611
335	1833
335	1972
335	2885
335	3856
335	5247
335	10770
335	11978
335	12836
335	13349
335	13431
335	14121
335	14411
335	15532
335	16722
335	19960
336	45
336	258
336	938
336	3086
336	4651
336	5161
336	5854
336	5871
336	6146
336	6886
336	8232
336	8903
336	9848
336	11299
336	11399
336	13500
336	15027
336	17657
336	18271
336	19263
337	701
337	2306
337	2354
337	2453
337	4264
337	4998
337	5652
337	6599
337	7030
337	7338
337	9399
337	11231
337	13422
337	14106
337	14600
337	14754
337	17148
337	17280
337	17420
337	18976
337	19946
338	1461
338	1547
338	1807
338	2891
338	2999
338	3080
338	4750
338	5298
338	6513
338	6634
338	7155
338	10343
338	10388
338	12416
338	13822
338	14191
338	15042
338	16774
338	17257
338	19355
339	265
339	820
339	1704
339	2870
339	3626
339	3634
339	3974
339	4104
339	4839
339	6373
339	7987
339	7989
339	8619
339	11270
339	11581
339	15591
339	18505
339	18508
340	114
340	257
340	1784
340	2990
340	5126
340	6675
340	7239
340	8023
340	8064
340	8496
340	9152
340	9489
340	11570
340	11691
340	13964
340	15517
340	16664
340	17315
340	17952
340	19646
341	488
341	1511
341	1888
341	2459
341	3810
341	5861
341	5959
341	6320
341	8762
341	9039
341	9118
341	9675
341	14753
341	15256
341	17270
341	17811
341	18393
341	19295
342	964
342	2253
342	3020
342	3107
342	4769
342	5018
342	5478
342	5713
342	6154
342	7449
342	9123
342	10408
342	12761
342	13356
342	14287
342	15952
342	16490
342	16564
342	19478
343	845
343	1386
343	6681
343	7875
343	8163
343	9594
343	9792
343	9997
343	10576
343	10585
343	10813
343	10983
343	11609
343	12218
343	13381
343	14263
343	14371
343	15204
343	15628
343	16703
343	18829
343	18970
344	246
344	1208
344	1434
344	2287
344	3866
344	5088
344	5172
344	5246
344	7871
344	9344
344	10386
344	11469
344	12144
344	13487
344	14382
344	15843
344	16015
344	19722
345	531
345	2432
345	4592
345	6885
345	7506
345	7957
345	8008
345	9172
345	9839
345	11813
345	12413
345	12421
345	12670
345	14491
345	14942
345	15528
345	15665
345	18714
345	18875
346	467
346	620
346	2093
346	3122
346	4772
346	5388
346	9812
346	10002
346	11122
346	11859
346	14372
346	16273
346	16340
346	16825
346	18131
347	255
347	1245
347	3867
347	4392
347	7475
347	7908
347	8014
347	8384
347	9369
347	10264
347	11921
347	12074
347	13362
347	13867
347	16182
347	16269
347	17271
347	18500
347	19296
348	610
348	846
348	5226
348	5688
348	6294
348	7109
348	7478
348	9290
348	10116
348	10688
348	11236
348	11902
348	12718
348	13505
348	18565
348	18925
348	19508
349	130
349	1071
349	5528
349	5561
349	5589
349	6198
349	7227
349	7488
349	7514
349	7607
349	10478
349	12749
349	13788
349	15796
349	17184
349	19420
349	19431
349	19877
350	298
350	1232
350	1575
350	2533
350	3283
350	4686
350	5389
350	5660
350	8492
350	9784
350	9818
350	10676
350	11264
350	14299
350	14503
350	16814
350	19254
351	1248
351	1932
351	2378
351	2600
351	2922
351	3379
351	4943
351	5049
351	6620
351	7188
351	8615
351	8656
351	10702
351	12432
351	13201
351	13520
351	17016
352	121
352	398
352	3915
352	4295
352	4383
352	4756
352	6258
352	8169
352	8512
352	9840
352	10131
352	10745
352	11605
352	15821
352	16907
352	19160
352	19218
352	19453
352	19723
353	172
353	183
353	1044
353	1929
353	3538
353	3566
353	5429
353	5984
353	7499
353	9033
353	9644
353	11372
353	11756
353	12469
353	13026
353	16495
353	17856
353	18048
353	18603
353	18685
354	132
354	1082
354	1495
354	2918
354	2928
354	4103
354	6314
354	6531
354	7185
354	7735
354	9446
354	9615
354	10663
354	10861
354	11681
354	12117
354	13291
354	13959
355	637
355	1936
355	4635
355	5010
355	5470
355	7095
355	7783
355	8225
355	10746
355	11851
355	12938
355	13248
355	14100
355	15541
355	15552
355	16366
355	17074
355	17641
356	1706
356	3166
356	3637
356	3787
356	4106
356	6200
356	6569
356	6870
356	8658
356	9261
356	9432
356	9861
356	11324
356	13741
356	14084
356	15006
356	15620
356	15686
356	18438
356	19968
357	15
357	555
357	1226
357	1238
357	2517
357	3809
357	5168
357	9444
357	10001
357	12235
357	12306
357	13061
357	15582
357	15648
357	16085
357	16874
357	17901
357	18231
357	19426
358	1968
358	2347
358	2821
358	3207
358	3690
358	5014
358	5096
358	6470
358	6938
358	7160
358	7289
358	7516
358	9127
358	9635
358	12142
358	13058
358	13678
358	14485
358	14840
358	19109
358	19967
359	544
359	1235
359	1726
359	1898
359	1962
359	2290
359	2655
359	3477
359	3700
359	4276
359	4315
359	4731
359	5476
359	6300
359	6929
359	8758
359	8879
359	9248
359	10270
359	12690
359	13433
359	16970
359	18547
359	18804
359	19493
360	237
360	809
360	1322
360	2212
360	2243
360	6393
360	7190
360	7874
360	8095
360	8634
360	10673
360	12720
360	13390
360	13609
360	14016
360	15346
360	16150
360	16404
360	16860
360	17419
360	18633
360	18694
360	19146
361	1061
361	2138
361	2989
361	6066
361	6961
361	7197
361	7315
361	7469
361	9053
361	9228
361	10087
361	10428
361	10486
361	11480
361	11907
361	12522
361	14629
361	15467
361	17024
361	17469
361	18695
361	19549
362	305
362	2449
362	3140
362	3247
362	4650
362	5502
362	6036
362	7609
362	7954
362	8957
362	9485
362	10070
362	11142
362	12209
362	13605
362	13776
362	14847
362	14929
362	18358
362	18572
363	39
363	342
363	475
363	2178
363	2442
363	3521
363	5191
363	5471
363	7501
363	8761
363	9196
363	10289
363	10518
363	11018
363	11036
363	11561
363	12311
363	13338
363	13446
363	16162
363	16250
363	17438
364	783
364	1011
364	1588
364	2759
364	4095
364	4202
364	4380
364	5577
364	5929
364	8365
364	10072
364	11241
364	11473
364	13016
364	13910
364	14008
364	16550
364	18844
364	18996
365	76
365	169
365	2507
365	4312
365	5264
365	8382
365	8790
365	9017
365	13482
365	13590
365	13694
365	14109
365	15231
365	15836
365	16175
365	16188
365	17934
365	18445
365	19415
366	676
366	2732
366	2948
366	4304
366	4492
366	5394
366	6207
366	6578
366	7282
366	8260
366	11311
366	12166
366	13164
366	13749
366	15189
366	16508
366	16751
366	17021
366	17101
366	17176
366	18287
367	6
367	1000
367	2054
367	3756
367	4835
367	6752
367	7804
367	8899
367	9556
367	9850
367	10431
367	10596
367	10892
367	12967
367	14201
367	16613
367	18019
367	19300
368	188
368	400
368	1578
368	3482
368	3997
368	4815
368	5516
368	5572
368	6022
368	6496
368	7231
368	9910
368	11380
368	14627
368	14794
368	16283
368	17422
369	1301
369	6407
369	7297
369	7362
369	8429
369	8918
369	9979
369	10763
369	11692
369	11911
369	11983
369	14792
369	15091
369	15096
369	15471
369	16140
369	16222
369	17714
369	19017
370	1171
370	1413
370	3565
370	3650
370	3881
370	4376
370	5206
370	5670
370	6105
370	10148
370	10470
370	10482
370	10807
370	10945
370	11868
370	13059
370	15619
370	16584
370	16810
370	17308
371	608
371	1416
371	2579
371	2790
371	3269
371	3494
371	3694
371	5742
371	5988
371	8728
371	11147
371	11858
371	12675
371	13097
371	13538
371	13726
371	14264
371	15241
371	16207
371	17765
372	1570
372	3476
372	3836
372	4240
372	4548
372	4626
372	6276
372	7961
372	9425
372	9522
372	10146
372	11007
372	11912
372	12640
372	14269
372	16707
372	17276
372	18180
372	19925
373	1102
373	1240
373	1292
373	3945
373	4515
373	4638
373	4863
373	5443
373	7862
373	8033
373	8332
373	8716
373	9563
373	11207
373	11719
373	12449
373	14107
373	14447
373	19972
374	471
374	1651
374	1990
374	2091
374	2167
374	2848
374	3085
374	3939
374	4808
374	5272
374	6058
374	6758
374	7108
374	10667
374	11502
374	12569
374	14220
374	14698
374	16562
374	19192
374	19234
375	1014
375	1489
375	1509
375	2755
375	2904
375	3102
375	3842
375	6076
375	6179
375	10563
375	10924
375	12526
375	12800
375	13019
375	16768
375	16919
375	17202
375	18663
375	19369
375	19482
375	19814
376	546
376	3507
376	3975
376	4880
376	5796
376	7386
376	7408
376	7573
376	8208
376	8379
376	8749
376	9022
376	10140
376	11509
376	12053
376	13525
376	16535
376	17532
376	18226
377	36
377	164
377	232
377	1311
377	1328
377	2912
377	3145
377	3429
377	4652
377	4871
377	7962
377	8025
377	8422
377	11423
377	12003
377	12728
377	13200
377	13531
377	15974
377	18619
377	19588
377	19894
378	189
378	345
378	2355
378	2778
378	3611
378	4270
378	8689
378	8893
378	10167
378	12607
378	13797
378	16534
378	18071
378	18588
378	18741
378	18908
378	19123
378	19707
379	62
379	573
379	2203
379	2591
379	2644
379	3479
379	7712
379	8111
379	12186
379	13991
379	14577
379	15219
379	15367
379	16422
379	16795
379	18000
379	18350
379	18644
380	346
380	402
380	1861
380	2653
380	2727
380	3202
380	3303
380	4138
380	4237
380	6005
380	6640
380	7479
380	9098
380	9956
380	10075
380	13814
380	14171
380	15234
380	15634
380	15834
380	15838
381	219
381	1536
381	1987
381	2451
381	3227
381	4328
381	6163
381	8771
381	9199
381	11903
381	12265
381	15326
381	17082
381	17416
381	17578
381	19551
381	19668
382	891
382	2864
382	3240
382	3288
382	3531
382	4230
382	4914
382	5005
382	5726
382	6937
382	8614
382	9210
382	10960
382	13882
382	14085
382	15340
382	16538
382	17191
382	18205
382	18413
382	18774
382	19849
383	1256
383	1398
383	1836
383	1853
383	3503
383	3610
383	3894
383	4091
383	4471
383	8354
383	13616
383	13904
383	13996
383	17937
383	18111
383	19481
384	658
384	1565
384	4627
384	5074
384	5243
384	5334
384	5497
384	5584
384	5600
384	7529
384	8294
384	9691
384	10772
384	11992
384	12430
384	14170
384	15348
384	17022
384	17363
384	18242
384	19772
384	19981
385	2002
385	4119
385	4877
385	6421
385	9370
385	10378
385	10611
385	11190
385	12764
385	13801
385	15222
385	16198
385	17768
385	18468
385	18570
385	19591
386	159
386	1291
386	1472
386	3501
386	3768
386	6919
386	6989
386	7322
386	9220
386	11168
386	11460
386	12002
386	12642
386	13082
386	13537
386	14043
386	19865
387	1654
387	5695
387	6468
387	6957
387	7747
387	7958
387	8227
387	9357
387	9434
387	9670
387	10703
387	10794
387	12096
387	12823
387	13611
387	14048
387	14406
387	15601
387	18797
388	678
388	2174
388	3282
388	4524
388	5938
388	7144
388	7658
388	8456
388	9275
388	9907
388	10263
388	10639
388	12040
388	12424
388	13218
388	13618
388	14733
388	15005
388	17244
388	19711
389	89
389	1730
389	2395
389	3279
389	3481
389	6561
389	7768
389	8770
389	8986
389	12919
389	13012
389	14537
389	15090
389	18042
389	18152
389	19246
389	19480
389	19904
390	954
390	2954
390	4426
390	4923
390	5027
390	5604
390	5918
390	6029
390	7226
390	9185
390	9893
390	10003
390	10538
390	11785
390	11918
390	12608
390	12609
390	12681
390	13561
390	13767
390	14217
390	19597
391	31
391	312
391	669
391	1426
391	2050
391	7678
391	7829
391	9273
391	10467
391	10858
391	12103
391	12298
391	13763
391	15455
391	16726
391	17599
391	18824
391	18982
392	1668
392	2059
392	4568
392	4608
392	5110
392	5409
392	5882
392	7661
392	7943
392	8718
392	8801
392	12363
392	13121
392	13643
392	13810
392	15250
392	16565
392	18021
392	19030
393	284
393	310
393	1566
393	2872
393	5310
393	6437
393	7435
393	8098
393	8370
393	9116
393	9448
393	11328
393	12082
393	13066
393	13331
393	14466
393	14755
393	16514
393	16777
393	17790
393	17849
394	1615
394	2137
394	3892
394	4699
394	5016
394	5093
394	5706
394	7993
394	9124
394	9753
394	10851
394	11414
394	14999
394	15064
394	16469
394	19098
394	19301
394	19397
395	2924
395	3412
395	4197
395	5581
395	6591
395	6729
395	7305
395	7384
395	8872
395	9595
395	9728
395	12271
395	12378
395	12562
395	14099
395	16575
395	16788
395	18978
395	19189
396	469
396	1631
396	1966
396	2394
396	5289
396	5329
396	7316
396	8419
396	10992
396	12550
396	13978
396	15307
396	16143
396	18988
396	19157
396	19563
397	813
397	1049
397	1303
397	2279
397	3231
397	3504
397	4077
397	5151
397	6187
397	6216
397	8176
397	9042
397	9059
397	12255
397	12450
397	13815
397	14200
397	14474
397	14584
398	2364
398	4902
398	5679
398	5834
398	6704
398	8847
398	8853
398	11453
398	12008
398	12472
398	12546
398	12867
398	14353
398	14815
398	15217
398	17802
398	18602
398	18617
398	18902
399	2288
399	2667
399	3699
399	3808
399	3922
399	4324
399	6071
399	6573
399	8779
399	8941
399	8956
399	10799
399	11376
399	11471
399	12811
399	14012
399	16148
399	17367
399	18324
399	18574
399	19121
400	651
400	1216
400	5045
400	6310
400	6324
400	7423
400	7714
400	8432
400	8734
400	11758
400	12568
400	12988
400	13065
400	13282
400	13516
400	14072
400	14478
400	15923
401	329
401	2651
401	2836
401	3718
401	4297
401	4447
401	7204
401	8467
401	9992
401	10823
401	11687
401	13398
401	14883
401	15723
401	17093
401	17432
401	18612
401	19058
401	19088
402	1081
402	1136
402	1415
402	2222
402	2743
402	3391
402	3850
402	4755
402	6629
402	7762
402	7909
402	8461
402	9502
402	11064
402	12101
402	13886
402	14652
402	14935
402	18811
403	65
403	433
403	1903
403	1907
403	1913
403	2204
403	3316
403	4705
403	6266
403	6833
403	7562
403	8221
403	11915
403	12794
403	12959
403	15387
403	16760
403	17647
403	19757
404	79
404	359
404	1429
404	3582
404	5193
404	5512
404	6079
404	6388
404	9359
404	10008
404	10552
404	10636
404	14775
404	15394
404	15949
404	17205
404	18157
405	361
405	2633
405	5590
405	8271
405	8324
405	9328
405	10490
405	11198
405	11647
405	11810
405	13804
405	14270
405	16802
405	17163
405	17264
405	18408
405	19297
405	19601
406	2313
406	3300
406	4679
406	5942
406	5958
406	6556
406	8355
406	8568
406	9816
406	10047
406	10430
406	11660
406	14184
406	14469
406	14751
406	15765
406	16054
406	18302
406	18313
406	19171
406	19489
407	621
407	2538
407	2704
407	4601
407	4878
407	8079
407	9961
407	10013
407	10476
407	12196
407	12373
407	12423
407	15267
407	15900
407	16327
407	16383
407	16475
407	17003
407	18557
408	3646
408	4308
408	4441
408	4479
408	7306
408	7524
408	7543
408	8471
408	8685
408	9968
408	10119
408	10162
408	10302
408	10397
408	10696
408	12574
408	13733
408	14692
408	14709
408	16163
408	17262
409	628
409	4156
409	4358
409	4765
409	5680
409	6083
409	6280
409	7088
409	8580
409	8795
409	11572
409	12189
409	13017
409	15272
409	15422
409	15832
409	15931
409	17090
409	18190
409	19049
409	19989
410	1098
410	1114
410	1984
410	2014
410	2018
410	4480
410	4645
410	4889
410	5357
410	10256
410	10682
410	10949
410	11298
410	13086
410	14625
410	16019
410	16969
410	19008
411	2
411	1685
411	2264
411	2899
411	3978
411	4265
411	4412
411	6307
411	7781
411	7817
411	8284
411	8502
411	8641
411	10440
411	11666
411	14745
411	17343
411	18386
412	1919
412	1997
412	3243
412	4050
412	4292
412	6519
412	6827
412	6852
412	7371
412	8070
412	8280
412	8815
412	9464
412	10840
412	11675
412	12394
412	14498
412	16165
412	16576
412	17409
412	17617
413	262
413	513
413	711
413	919
413	1033
413	2683
413	2803
413	3470
413	3753
413	3799
413	5874
413	6928
413	8076
413	8571
413	11384
413	13426
413	13719
413	15280
413	17304
413	19167
413	19979
414	1378
414	1455
414	1943
414	2366
414	2426
414	3191
414	3343
414	3524
414	4406
414	4891
414	5596
414	6072
414	10501
414	11362
414	12434
414	14326
414	14922
414	15004
414	17506
414	17638
414	18284
414	19385
414	19969
415	341
415	2267
415	2813
415	3661
415	5106
415	5233
415	6139
415	7058
415	7949
415	8962
415	9855
415	10379
415	13347
415	13689
415	15576
415	17999
415	19311
415	19469
416	1486
416	3161
416	3687
416	4190
416	4701
416	5297
416	6631
416	6723
416	6769
416	6783
416	7174
416	8006
416	8896
416	9701
416	9913
416	11206
416	12292
416	13037
416	13764
416	14062
416	14544
416	14788
416	14866
416	16407
417	1184
417	3027
417	4789
417	7101
417	7357
417	8063
417	8717
417	10491
417	10559
417	10903
417	10971
417	12228
417	12294
417	12393
417	12497
417	13025
417	17285
417	18548
417	18665
417	18998
417	19178
417	19258
418	1185
418	1384
418	1867
418	4080
418	4180
418	5752
418	6026
418	6968
418	8508
418	8824
418	9660
418	10048
418	13748
418	13926
418	14856
418	15814
418	16349
418	16371
418	17942
418	18166
418	19689
419	1767
419	4762
419	4961
419	7401
419	8012
419	8141
419	8554
419	8643
419	9518
419	9532
419	10561
419	12127
419	12874
419	13073
419	13493
419	13645
419	14909
419	17374
419	17669
419	18457
419	19213
420	601
420	1317
420	2224
420	3235
420	3430
420	4000
420	5051
420	8142
420	8242
420	8272
420	9020
420	9231
420	9973
420	10520
420	12293
420	12855
420	13142
420	13443
420	15352
420	15583
420	15817
420	17761
420	18796
420	19241
420	19997
421	2619
421	3099
421	5650
421	8533
421	10699
421	11084
421	11440
421	11496
421	12029
421	12207
421	13132
421	13656
421	14519
421	14522
421	14730
421	14826
421	15088
421	15357
421	15943
421	18235
421	19519
422	406
422	1210
422	1539
422	1541
422	3493
422	4987
422	10331
422	11074
422	11857
422	12659
422	13022
422	15984
422	16120
422	16578
422	16646
422	16993
422	17067
422	17135
422	18154
422	18904
422	19703
423	504
423	2311
423	2699
423	5287
423	9493
423	10504
423	10560
423	10881
423	11637
423	12829
423	13038
423	14204
423	14927
423	15488
423	16827
423	17635
424	500
424	1271
424	1478
424	2122
424	2620
424	3736
424	4026
424	4234
424	4667
424	5364
424	6228
424	7458
424	7627
424	8051
424	12073
424	14957
424	16300
424	16491
424	17048
424	17713
424	18530
425	3478
425	5756
425	6831
425	10108
425	11491
425	11800
425	14135
425	14546
425	14981
425	15973
425	18058
425	18269
425	18307
425	18532
425	18648
425	18809
425	19061
426	373
426	543
426	1480
426	1512
426	3111
426	3599
426	5501
426	6460
426	6665
426	6908
426	8576
426	11153
426	12128
426	13901
426	14154
426	14822
426	15603
426	17461
426	18278
426	19168
427	71
427	73
427	379
427	5846
427	6695
427	8499
427	8822
427	9035
427	9302
427	9480
427	10426
427	10962
427	11061
427	11243
427	12098
427	12583
427	12669
427	13251
427	14910
427	15604
427	16696
428	420
428	912
428	1310
428	2325
428	2931
428	4318
428	4575
428	5006
428	5333
428	6489
428	6787
428	7798
428	7982
428	8626
428	9763
428	9768
428	11676
428	13126
428	15886
428	16912
428	17623
428	18885
428	19659
429	988
429	1060
429	2367
429	2819
429	4737
429	5058
429	5888
429	6239
429	6487
429	7558
429	8995
429	10864
429	11457
429	14034
429	16962
429	17147
429	17824
429	18956
429	19400
430	60
430	1754
430	2031
430	3603
430	4293
430	5041
430	5112
430	5978
430	7903
430	8577
430	9439
430	10566
430	11387
430	13682
430	13789
430	14118
430	15754
430	16650
430	16740
431	125
431	884
431	2425
431	2884
431	3277
431	3323
431	4930
431	5345
431	6941
431	8991
431	9888
431	11980
431	13048
431	13052
431	16230
431	16826
431	17255
431	18777
431	18926
432	293
432	953
432	4954
432	6362
432	6867
432	7906
432	8497
432	9349
432	12319
432	13395
432	13490
432	13685
432	13966
432	14305
432	16017
432	18105
432	18899
433	2548
433	5207
433	6230
433	7495
433	8004
433	11163
433	13975
433	14289
433	14458
433	14705
433	17606
433	17787
433	17825
433	18139
433	18515
433	18573
433	19594
433	19980
433	19984
434	668
434	1066
434	2566
434	3452
434	5170
434	8610
434	9225
434	9539
434	10151
434	10471
434	11434
434	11566
434	12026
434	13920
434	14387
434	14465
434	17334
434	19523
434	19575
435	326
435	675
435	4258
435	4649
435	5031
435	5625
435	7668
435	8678
435	9234
435	9799
435	10091
435	11430
435	11522
435	11550
435	12252
435	12951
435	14193
435	15791
435	17481
435	18221
435	18581
435	19042
436	733
436	2502
436	4192
436	5254
436	9148
436	9950
436	10683
436	10705
436	12220
436	12520
436	13378
436	14127
436	16021
436	17371
436	17822
436	18089
436	18962
436	19177
437	171
437	2535
437	3624
437	4443
437	5225
437	6386
437	6679
437	7725
437	8913
437	9274
437	10366
437	10459
437	11179
437	11467
437	13115
437	15468
437	15644
437	16796
437	17740
438	903
438	2293
438	2645
438	2663
438	4653
438	4957
438	6327
438	9619
438	9867
438	11620
438	13502
438	14797
438	15719
438	15837
438	17113
438	18160
438	18913
439	102
439	536
439	1086
439	1395
439	5728
439	5748
439	6740
439	9125
439	10103
439	10187
439	10342
439	11323
439	11652
439	12830
439	13266
439	13651
439	15046
439	16557
439	18616
439	19529
439	19952
440	760
440	2484
440	2640
440	2811
440	3468
440	4073
440	4226
440	5187
440	5785
440	6821
440	7857
440	9423
440	9771
440	11621
440	12135
440	12248
440	17333
440	17744
440	18222
440	18245
440	19494
440	19897
441	880
441	1293
441	1806
441	1960
441	2711
441	2940
441	3853
441	4117
441	4224
441	6923
441	8229
441	10994
441	11754
441	13154
441	13374
441	13563
441	17444
441	19195
442	2214
442	2519
442	2540
442	2789
442	4995
442	6024
442	6277
442	7530
442	9133
442	9297
442	9882
442	10537
442	11341
442	13046
442	14073
442	15275
442	16797
442	18351
442	18442
442	18823
442	19839
443	371
443	674
443	801
443	5353
443	5884
443	6329
443	6705
443	7221
443	7772
443	8046
443	10039
443	10530
443	12077
443	13517
443	15536
443	15991
443	16190
443	17156
443	18378
444	370
444	908
444	2413
444	2733
444	3838
444	3843
444	4044
444	6160
444	6203
444	6325
444	7005
444	8041
444	8835
444	9198
444	14635
444	16728
444	17018
444	17311
444	17991
444	18088
445	835
445	913
445	1330
445	1717
445	3096
445	3577
445	4796
445	4886
445	6007
445	7938
445	8048
445	8735
445	10161
445	10806
445	11517
445	11585
445	13079
445	13255
445	15678
445	18765
446	3284
446	3605
446	3981
446	4125
446	4964
446	5257
446	7312
446	7434
446	8253
446	8333
446	9514
446	10211
446	11587
446	11886
446	12064
446	14292
446	16727
446	16903
446	17131
446	17175
446	17222
446	17522
447	455
447	563
447	2305
447	3188
447	3450
447	5948
447	6172
447	6313
447	6452
447	6626
447	8804
447	10237
447	12017
447	12286
447	12542
447	12802
447	14937
447	14994
447	17116
447	18382
447	19205
448	1529
448	2114
448	5569
448	6229
448	6579
448	6767
448	9260
448	9310
448	9689
448	10094
448	12495
448	12512
448	12529
448	15039
448	15927
448	16298
448	17384
449	431
449	4200
449	5403
449	6910
449	7358
449	7684
449	8750
449	8936
449	10015
449	10661
449	11993
449	12590
449	13982
449	14563
449	15154
449	15572
449	16623
449	19585
450	50
450	1845
450	2796
450	6012
450	6143
450	6504
450	6851
450	8255
450	8312
450	9803
450	9939
450	10061
450	11513
450	11832
450	13880
450	14234
450	14389
450	16078
450	17001
450	19372
451	442
451	534
451	2309
451	3464
451	3652
451	3901
451	4107
451	4384
451	4587
451	6000
451	7713
451	8172
451	9016
451	12034
451	16275
451	16603
451	18892
451	18951
451	19186
451	19553
452	226
452	399
452	692
452	2029
452	2339
452	4980
452	5012
452	7388
452	7654
452	7870
452	8182
452	9394
452	9416
452	11959
452	12460
452	12703
452	16369
452	18415
453	43
453	4814
453	5427
453	10079
453	10687
453	11221
453	11261
453	12406
453	14247
453	14366
453	14575
453	15335
453	15598
453	16074
453	16479
453	17325
453	17907
453	18140
453	19276
454	311
454	1021
454	1460
454	2542
454	2636
454	3617
454	6493
454	7564
454	9177
454	11079
454	11458
454	11732
454	11818
454	13340
454	13503
454	13547
454	15982
454	16688
455	2237
455	2457
455	3151
455	3230
455	3309
455	4904
455	5657
455	6057
455	6251
455	7560
455	7662
455	8488
455	12146
455	12876
455	13737
455	14094
455	14104
455	14463
455	16487
455	19949
456	1763
456	2124
456	3185
456	3858
456	3973
456	4178
456	4352
456	4752
456	5143
456	6016
456	7932
456	8291
456	8341
456	10700
456	11369
456	13622
456	13839
457	1004
457	1148
457	1452
457	3961
457	6288
457	6934
457	8399
457	8465
457	10042
457	10415
457	13013
457	13425
457	13828
457	14393
457	15400
457	15404
457	15722
457	16166
457	17489
457	18189
458	438
458	1980
458	6832
458	7647
458	7866
458	8976
458	9350
458	9772
458	9937
458	10172
458	10404
458	13479
458	13667
458	13909
458	14671
458	15519
458	17302
458	18866
459	14
459	392
459	466
459	817
459	1195
459	1675
459	3696
459	3781
459	3921
459	7172
459	7269
459	9769
459	11411
459	11947
459	12934
459	15343
459	15494
459	15759
459	18657
459	19923
460	381
460	665
460	750
460	1462
460	1982
460	2975
460	4246
460	4398
460	4579
460	6272
460	6416
460	7046
460	7618
460	7755
460	9881
460	10527
460	10882
460	12182
460	12418
460	12602
460	13140
460	14367
460	15212
460	16986
461	204
461	807
461	946
461	3090
461	4167
461	5911
461	6336
461	7608
461	8071
461	8166
461	8844
461	9519
461	10364
461	10811
461	10918
461	11575
461	11991
461	13423
461	13625
461	16497
461	16915
461	19902
462	518
462	2337
462	2578
462	2740
462	2808
462	3402
462	3818
462	4529
462	4781
462	9931
462	10845
462	11192
462	12283
462	12335
462	14510
462	15030
462	15460
462	15833
462	17784
462	18525
462	19064
462	19187
462	19769
463	1272
463	1864
463	3920
463	4495
463	5324
463	5499
463	8687
463	10149
463	10292
463	11398
463	11600
463	11797
463	11972
463	15831
463	16858
463	17676
463	17806
463	18787
463	19409
463	19785
464	1390
464	1890
464	1911
464	2777
464	2861
464	4072
464	4644
464	4881
464	7497
464	8200
464	9501
464	9529
464	9584
464	9791
464	10224
464	11039
464	11614
464	16824
465	133
465	2302
465	2447
465	2719
465	3356
465	3859
465	5447
465	6175
465	6575
465	7923
465	7975
465	9410
465	9553
465	9712
465	10340
465	10344
465	11151
465	13653
465	13785
465	14484
465	14650
465	17083
465	19854
466	17
466	1470
466	1711
466	3037
466	4338
466	4677
466	6643
466	9512
466	11175
466	11410
466	11612
466	11862
466	12205
466	13720
466	14278
466	17719
466	17990
466	18064
466	19886
466	19911
467	101
467	1506
467	3134
467	4154
467	5738
467	6332
467	6560
467	8109
467	8356
467	9377
467	10697
467	11314
467	11540
467	12807
467	13406
467	19363
467	19564
468	355
468	508
468	788
468	1094
468	3776
468	5384
468	5777
468	6376
468	7210
468	8529
468	10545
468	11586
468	12399
468	13094
468	13379
468	13396
468	14596
468	15186
468	17735
468	17853
469	178
469	749
469	1637
469	3361
469	4116
469	4969
469	6992
469	7076
469	8811
469	10284
469	12641
469	12981
469	13730
469	13823
469	13969
469	14337
469	14451
469	15692
469	16602
469	16687
469	17389
469	19200
469	19225
469	19596
470	32
470	197
470	233
470	1048
470	3262
470	3462
470	3685
470	3927
470	7047
470	8110
470	9821
470	14105
470	14901
470	14987
470	16212
470	16996
470	18825
470	19541
471	106
471	115
471	1900
471	1923
471	2265
471	2461
471	3944
471	9073
471	9783
471	9936
471	10852
471	12060
471	12115
471	13239
471	14070
471	14951
471	17357
471	17810
471	18095
471	18687
471	18903
471	19072
472	530
472	1507
472	1554
472	1863
472	2246
472	2277
472	3674
472	4029
472	4359
472	4542
472	5995
472	6059
472	6601
472	8194
472	9774
472	10038
472	10618
472	11802
472	12724
472	14757
472	15034
472	15160
473	57
473	170
473	1655
473	1764
473	1974
473	2196
473	4687
473	5381
473	5545
473	7910
473	10400
473	10638
473	11025
473	11220
473	11783
473	12927
473	13279
473	13325
473	14593
473	16094
473	18325
474	990
474	2319
474	2369
474	3400
474	3969
474	4339
474	4559
474	4675
474	7808
474	8157
474	8330
474	8427
474	8695
474	9574
474	10382
474	10516
474	10987
474	12648
474	16393
474	17660
474	19341
474	19357
475	126
475	3200
475	3251
475	3388
475	5378
475	5821
475	7722
475	7946
475	7947
475	9443
475	9620
475	11069
475	12390
475	14576
475	16761
475	16958
475	17749
475	17863
476	713
476	883
476	1280
476	3116
476	3237
476	3631
476	3993
476	4557
476	5121
476	5876
476	9562
476	10024
476	11488
476	12285
476	12917
476	15016
476	15439
476	15891
476	16044
476	16076
476	16484
476	19406
477	1108
477	1129
477	1318
477	1437
477	3009
477	3357
477	4097
477	5077
477	6710
477	7206
477	7416
477	9659
477	11608
477	12176
477	13304
477	17194
477	17434
477	18168
477	19941
478	2504
478	5368
478	5804
478	5909
478	6905
478	7323
478	8195
478	8856
478	12183
478	15243
478	17245
478	17846
478	18243
478	18535
479	279
479	1059
479	1075
479	1633
479	3115
479	4749
479	4842
479	10132
479	11000
479	11926
479	14346
479	14533
479	15417
479	16040
479	16442
479	16472
479	18229
480	191
480	2661
480	6530
480	8268
480	8920
480	8979
480	9796
480	10838
480	12715
480	12770
480	13448
480	14159
480	16108
480	18033
480	18794
480	19182
481	453
481	1408
481	1776
481	3670
481	3845
481	4122
481	5039
481	6001
481	6826
481	6855
481	7419
481	7701
481	7916
481	10508
481	10512
481	12572
481	13586
481	13623
481	15316
481	15453
481	19068
481	19499
482	494
482	1917
482	2402
482	4837
482	6541
482	7523
482	8696
482	11622
482	11636
482	11824
482	13526
482	13569
482	13686
482	15147
482	15296
482	16620
482	16999
482	17159
482	17833
483	2208
483	4864
483	5362
483	7019
483	7638
483	8686
483	9281
483	10235
483	12213
483	14246
483	14286
483	14968
483	16982
483	18102
483	18428
483	19474
484	153
484	211
484	889
484	7006
484	7936
484	10950
484	11928
484	12324
484	12693
484	13887
484	14838
484	15916
484	16373
484	16807
484	19359
485	112
485	537
485	1883
485	3321
485	3570
485	5623
485	9849
485	10934
485	14156
485	14187
485	16062
485	16113
485	16122
485	16316
485	16530
485	16624
485	17051
485	18771
485	19733
486	109
486	960
486	1273
486	1503
486	3355
486	4007
486	4773
486	4824
486	6212
486	6709
486	13181
486	15875
486	16052
486	16425
486	16458
486	18322
486	18658
487	867
487	3212
487	3902
487	4187
487	6605
487	6724
487	7087
487	7220
487	9541
487	9616
487	10988
487	12573
487	12818
487	13047
487	14294
487	15172
487	17460
487	18044
487	18407
488	1825
488	2671
488	6546
488	6907
488	7505
488	9119
488	10884
488	11944
488	12610
488	13127
488	13428
488	13658
488	13727
488	16172
488	16185
488	18155
488	18372
488	19408
489	134
489	249
489	545
489	583
489	1394
489	1678
489	2109
489	3648
489	8261
489	8793
489	9545
489	9665
489	9925
489	11075
489	12746
489	14359
489	16267
489	16733
489	19170
490	25
490	123
490	5592
490	7062
490	7995
490	8526
490	9161
490	9740
490	10631
490	10672
490	11750
490	13528
490	13610
490	13844
490	15873
490	16762
490	17092
490	17278
490	18876
490	19214
490	19441
491	463
491	895
491	2003
491	3372
491	4038
491	4081
491	5844
491	6063
491	6134
491	7833
491	9294
491	12150
491	12997
491	13128
491	15395
491	18987
491	19714
491	19752
492	2026
492	3495
492	4623
492	4798
492	4802
492	5217
492	5224
492	6592
492	6668
492	7179
492	8173
492	8178
492	11567
492	12402
492	13242
492	14031
492	15806
492	15848
492	17842
492	17933
493	1544
493	2446
493	2945
493	5496
493	5812
493	6171
493	8539
493	8766
493	9453
493	9661
493	11349
493	11596
493	13111
493	14860
493	15574
493	16260
493	17070
494	2949
494	3139
494	3545
494	3713
494	4944
494	5326
494	8395
494	12190
494	12744
494	17107
494	17399
494	18053
494	18123
494	18955
494	19021
494	19267
494	19570
495	2254
495	3749
495	4213
495	5146
495	5479
495	5633
495	6018
495	6975
495	9207
495	9391
495	9632
495	10542
495	12776
495	13515
495	14954
495	15707
495	17104
495	17840
495	18377
496	287
496	632
496	1955
496	5348
496	6568
496	6636
496	7844
496	8487
496	9636
496	10606
496	11251
496	12570
496	13250
496	14379
496	14468
496	16304
496	16448
496	16551
496	19405
496	19798
497	386
497	931
497	1914
497	2063
497	2259
497	3297
497	4404
497	6608
497	7630
497	8439
497	10052
497	11514
497	11583
497	12078
497	13232
497	14796
497	15060
497	15073
497	15117
497	19076
498	318
498	1274
498	2198
498	4485
498	4983
498	5165
498	7027
498	7250
498	7429
498	7976
498	9430
498	9921
498	11187
498	11268
498	11483
498	12238
498	12359
498	12586
498	14088
498	17220
498	17878
498	19179
499	74
499	997
499	2266
499	2646
499	6152
499	6955
499	8068
499	8087
499	8126
499	8340
499	9863
499	10078
499	12185
499	12545
499	14490
499	14670
499	15385
499	15798
499	16754
499	17295