0	1337
0	4455
0	9223
0	10742
1	8149
1	10824
1	13348
1	19683
2	6495
2	9227
2	13782
2	16476
3	9358
3	10617
3	10892
3	13967
3	14445
3	15597
3	18179
4	7613
4	10706
4	13507
4	14201
4	14887
4	17211
4	17836
5	5945
5	13412
5	15699
5	16488
5	19371
6	1879
6	11475
7	3931
7	4156
7	15310
7	15406
7	16920
7	18714
8	13543
8	14510
9	9960
9	14141
9	14920
10	6092
10	10574
10	11383
10	14549
10	18313
11	1205
11	9998
11	10156
11	10903
11	16777
11	19058
12	5610
12	9771
12	14670
13	2785
13	4655
13	9337
13	19605
14	7205
14	9050
14	17841
14	17842
14	18931
15	1166
15	3333
15	11348
15	13279
15	17725
16	49
16	933
16	1188
16	12912
16	14045
17	4466
17	4535
17	7405
17	7433
17	14972
18	1918
18	6197
18	9717
18	11493
19	397
19	3079
19	9483
19	12103
20	4593
20	5017
20	10756
20	12550
21	1709
21	18665
22	1167
22	6373
22	12396
22	12785
22	15132
22	17698
22	17935
23	2621
23	4405
23	7746
23	8040
23	8622
23	10531
23	10864
23	12618
23	12839
23	16448
24	424
24	5883
24	6041
24	10100
24	17192
24	18168
25	1813
25	6636
25	11752
26	761
26	1119
26	5858
26	12853
26	15490
27	1294
27	2726
27	6256
27	10536
28	1330
28	1718
28	2851
28	13141
28	18145
29	516
29	1687
29	1722
29	2219
29	6171
29	16801
29	16936
30	4331
30	5555
30	8256
30	11612
30	12924
30	19301
31	4526
31	16296
31	19005
32	592
32	3584
32	3857
32	8524
32	10138
32	17525
33	5215
33	10343
33	13470
34	359
34	5810
34	9045
34	10634
34	11353
34	18796
35	2032
35	3834
35	7489
35	8536
35	9905
35	15743
35	18013
36	3353
36	8513
36	16518
36	19886
37	6573
37	15798
38	1659
38	2531
38	6150
38	18025
38	18906
38	19191
39	1102
39	9042
39	10182
40	3800
40	4835
40	9013
40	10916
40	13722
41	13268
41	15921
41	16385
41	16599
41	17684
42	2037
42	8628
42	10929
42	11902
42	12277
43	2646
43	9134
43	16230
44	430
44	1030
44	4639
45	2295
45	11399
45	11707
45	13047
45	17094
46	1097
46	3288
46	6995
46	8868
46	11271
46	15001
46	17053
47	7816
47	9081
47	9351
47	9643
47	12796
47	18370
48	1130
48	3044
48	8922
48	12456
48	17641
49	2993
49	12774
49	12807
49	18175
50	13894
50	14480
51	1359
51	13750
51	15501
51	17240
52	9872
52	18288
53	3679
53	3893
53	8456
53	16616
53	19133
53	19475
54	10952
54	18195
54	19092
55	4288
55	8201
55	11542
55	13812
55	14205
55	17462
56	1355
56	2644
56	14937
56	15093
57	538
57	2394
57	4785
57	5135
57	11113
58	5495
58	7249
58	19083
59	2376
59	5785
59	7245
60	5057
60	9216
60	14518
60	19143
60	19828
61	1466
61	3370
61	5802
61	5807
61	7747
61	14903
61	17931
62	559
62	922
62	3194
62	3206
62	11584
62	12584
62	14997
62	17274
62	17891
62	19318
63	8305
63	11578
63	19914
64	5596
64	5965
64	13655
64	14724
64	14761
64	14948
64	15083
64	17231
65	2398
65	2522
65	5273
65	8135
65	9846
65	14573
65	19103
66	1957
66	4576
66	6029
66	9262
66	10149
66	10454
66	14024
66	17441
66	19561
67	1685
67	8353
67	9831
67	13634
67	16235
67	16446
67	16507
68	388
68	9763
68	13111
68	16793
69	6528
69	8372
69	9113
69	17933
70	1713
70	4429
70	9516
70	15975
70	16324
70	17013
70	19445
71	5859
71	10977
71	14755
71	15254
71	16274
72	2236
72	2753
72	6287
72	6337
72	9360
73	1140
73	2517
73	8089
73	14332
73	19793
74	365
74	13571
75	3792
75	9176
75	12404
76	4355
76	9316
76	10145
76	11375
76	12840
76	13619
76	17349
76	17760
77	3424
77	3840
77	7721
77	9761
77	10207
77	15590
78	3269
78	5813
78	8023
78	8065
78	14343
79	3655
79	4104
79	12592
79	19100
79	19735
80	2023
80	9270
80	18482
80	19979
81	911
81	5830
81	6914
81	13633
81	18338
82	3775
82	16308
82	17944
82	18587
83	760
83	8737
83	9564
83	16481
83	17823
83	17858
84	4931
84	6891
84	7718
84	13607
84	16372
85	3758
85	3934
85	7369
85	8961
85	9150
85	13553
85	14955
85	16687
86	1635
86	2440
86	3864
86	15113
87	2141
87	14806
88	2029
88	6976
88	7647
88	8869
88	12486
89	663
89	6173
89	8885
89	9409
89	11322
90	8586
90	9460
90	19546
91	7259
91	7596
91	11531
91	16648
91	19601
92	10446
92	12754
92	13811
93	4908
93	5773
93	6908
93	12536
93	13339
94	11311
94	14368
95	6311
95	14220
96	1087
96	3565
96	6329
96	7835
96	9102
96	19097
97	1812
97	3020
97	7067
97	8829
97	11241
97	13831
98	1193
98	15466
98	18591
98	18922
99	2555
99	8493
99	11225
99	13844
99	19573
100	4129
100	7808
100	8500
100	19412
101	996
101	1024
101	2163
101	5774
101	8941
102	6529
102	8761
102	10161
102	12946
102	14307
103	3465
103	5833
103	7614
103	9182
103	12870
103	16348
103	19568
104	2504
104	10838
104	14021
104	16718
105	3301
105	4613
105	19324
106	3978
106	10696
106	12930
106	17583
106	19825
107	9175
107	9225
107	14128
107	14186
107	16769
107	18154
107	18348
108	16147
108	17029
108	19015
109	1425
109	5070
109	6883
109	7860
109	9329
109	15702
109	16893
109	19832
110	1050
110	2121
110	2436
110	5244
110	18823
110	19965
111	3903
111	12217
111	13585
111	18035
112	5314
112	9087
112	10674
112	13654
112	14838
113	2816
113	13219
114	1462
114	7852
114	13062
114	17198
115	6020
115	17294
115	19357
116	16832
116	17356
117	2959
117	6390
117	7997
117	10470
117	15750
117	17213
117	19184
118	2948
118	4782
118	9056
118	18188
119	937
119	1175
119	11847
119	19845
120	6582
120	7419
120	12992
120	15095
120	18030
120	18197
121	6219
121	12199
121	12554
121	13785
121	14617
121	15909
121	16307
121	18471
122	332
122	960
122	3558
122	7293
122	11616
123	1356
123	3708
123	12073
123	14371
124	4412
124	5201
124	12351
124	13748
124	14752
124	15665
124	18451
125	1641
125	12933
126	2127
126	7979
126	11603
126	12122
126	16971
126	17149
126	17833
126	19682
127	7300
127	7376
127	9456
127	19346
128	1966
128	2143
128	3572
128	6614
128	6967
128	7626
128	12922
128	14817
128	16567
129	1947
129	8038
129	13985
129	14460
130	849
130	7239
130	10818
130	14140
130	14892
130	16622
131	9725
131	11637
131	15465
131	19625
132	8316
132	10751
132	17920
132	19053
132	19869
133	9694
133	14292
133	15449
133	18143
133	18547
134	2744
134	4347
134	5261
134	7237
134	8908
134	9820
134	18845
135	2323
135	5491
135	9184
135	9601
135	13928
136	4440
136	5865
136	6030
137	5960
137	9382
137	12519
137	15414
137	19002
138	673
138	5196
138	11338
138	12505
138	14182
139	4105
139	15712
139	16880
139	19830
140	1233
140	11975
140	14634
140	15492
140	19255
141	1206
141	3368
141	8069
141	9651
141	18391
142	5466
142	6457
142	6615
142	6673
142	10718
143	5973
143	18255
143	19292
144	1843
144	2913
144	5704
144	11671
144	19230
145	1262
145	6857
145	8317
145	13939
146	5628
146	9760
146	16930
146	18296
147	1873
147	8182
147	15015
147	16187
148	4957
148	8632
148	11545
148	11949
149	4464
149	17724
150	7046
150	9249
150	13456
150	16094
150	18287
151	2804
151	7994
152	24
152	604
152	1353
152	7308
152	15305
153	6632
153	7441
153	16156
153	18988
153	19145
154	2232
154	5583
154	6591
154	9543
154	12691
155	7222
155	13287
155	14064
155	17131
155	17857
156	4472
156	5447
156	15219
157	3832
157	9976
157	17914
158	2532
158	6273
158	10813
158	14600
158	18894
159	7333
159	8560
159	12082
159	16588
160	179
160	1490
160	8719
160	10649
160	16533
160	18893
161	480
161	1170
161	4741
161	9439
161	17393
161	19996
162	6331
162	10521
162	11274
162	12104
163	1420
163	5678
163	7521
163	10839
163	12831
163	13572
163	16837
164	2611
164	13026
164	13420
164	13461
164	14057
164	14291
164	17382
164	18681
165	3141
165	19782
166	8799
166	9370
166	10603
166	18980
166	19482
167	6187
167	7645
167	11952
167	13007
167	14145
167	17106
167	17132
168	2606
168	6397
168	16142
169	2104
169	2418
169	4042
169	4540
169	6484
169	13201
169	14859
170	645
170	4095
170	6157
170	10723
170	13800
170	16468
171	1288
171	1608
171	3057
171	5451
171	15343
171	17226
171	17453
171	18055
172	838
172	7153
172	8982
172	9730
172	15494
172	16646
172	18708
172	19719
173	386
173	9561
173	10444
173	14229
173	15385
173	16862
174	1892
174	3890
174	9000
174	9982
174	14062
174	19774
175	1477
175	6465
175	14841
175	16635
176	7459
176	15401
176	15483
176	18437
177	1700
177	4139
177	10632
177	14148
177	14969
178	1497
178	8282
178	16581
178	19684
179	6956
179	9340
179	9482
179	10278
179	10625
179	13688
179	14754
179	16734
179	19180
180	5514
180	6398
180	6931
180	13226
180	19322
181	1378
181	4866
181	11413
181	18507
182	4010
182	5133
182	10286
182	15292
182	15860
182	18698
183	3181
183	4296
183	4427
184	7354
184	8046
184	12775
184	16319
184	18768
184	19960
185	6625
185	15262
186	162
186	1954
186	2092
186	7964
186	10553
186	17243
186	18095
186	18369
187	1781
187	2480
187	12288
187	15283
188	3634
188	6494
188	6735
188	10934
188	11119
189	2980
189	8471
189	9961
189	13824
190	3320
190	8260
190	11735
190	13801
190	13918
191	1141
191	6148
191	7030
191	9058
191	15130
191	15819
191	18447
192	451
192	4141
192	17277
192	17316
193	5621
193	6275
193	6793
193	8463
193	15994
194	650
194	1174
194	6777
194	15480
194	19273
195	1789
195	7725
195	10802
195	11003
195	13449
195	15439
196	3403
196	5331
196	8452
196	10082
197	839
197	4450
197	4819
197	6176
197	12604
197	16839
197	17506
198	3366
198	4991
198	9743
198	14958
198	17080
199	2110
199	3267
199	3868
199	5493
199	14736
199	17680
200	2616
200	5700
200	8948
200	14054
200	16583
201	1032
201	11987
201	12032
202	4014
202	9622
202	10059
202	11016
202	15571
203	6208
203	8748
203	11174
203	17416
203	17422
203	17758
204	118
204	1010
204	3537
204	6063
204	6323
204	11235
204	14212
204	16791
204	17251
205	255
205	5395
205	6321
205	15504
205	17237
205	19556
206	170
206	750
206	1871
206	13712
207	6589
207	6958
207	12567
207	15834
208	1443
208	3829
208	8504
208	9652
208	11247
208	19530
209	1746
209	8730
209	10125
209	13874
209	16495
209	17629
210	4928
210	7468
210	11876
210	15619
210	19846
211	1256
211	8949
211	11874
212	17402
212	18357
212	18479
212	19327
213	1692
213	10862
213	11118
213	12913
214	3889
214	11240
214	14258
214	15945
215	9208
215	9876
216	11015
216	12905
216	14604
216	17165
217	11538
217	11899
217	19512
218	1990
218	2235
218	15053
218	15296
219	7955
219	10437
219	18159
219	19380
220	2562
220	6419
220	8127
220	16558
220	19487
221	131
221	7508
221	9597
221	15031
221	16956
221	17744
222	9634
222	15097
222	16009
223	141
223	3088
223	3529
223	8894
223	11032
223	11379
223	13259
224	1949
224	8467
224	10226
224	10387
225	314
225	1124
225	1179
225	6378
225	7316
225	12069
225	15638
226	658
226	16437
226	17755
226	18218
227	3547
227	7498
227	13117
228	3759
228	6420
228	7323
228	12380
228	17929
229	3339
229	6756
229	11810
229	13028
229	14483
229	19389
230	2533
230	2976
230	11920
231	2260
231	10872
231	11818
231	12141
232	244
232	6352
232	10986
232	13789
232	19052
233	119
233	2963
233	11600
234	2453
234	7488
234	7575
234	14400
234	14459
235	8356
235	16268
235	16300
236	3102
236	8330
236	13530
236	15502
236	15506
237	1064
237	10884
237	11368
237	13587
237	16958
237	19001
238	1747
238	4085
238	14169
238	17604
239	741
239	8780
239	9467
239	17019
240	105
240	358
240	11652
241	1935
241	2730
241	3470
241	7966
242	5293
242	5644
242	9295
242	13518
243	1133
243	2257
243	2639
243	3195
243	5264
243	11993
244	4006
244	4732
244	11387
244	16341
245	288
245	6987
245	7409
245	12361
246	1389
246	2578
246	16812
246	17578
246	18397
246	18736
247	1984
247	11721
247	13886
247	18794
248	1618
248	7039
248	8729
249	10722
249	13904
249	14242
249	18637
250	163
250	398
250	2278
250	4766
250	10225
250	15038
250	18731
250	18917
251	3027
251	7820
251	10213
251	15151
252	1845
252	10654
252	13603
252	16048
253	5233
253	5531
253	12728
253	19614
254	7702
254	8563
254	9479
254	11143
254	11611
254	15205
255	619
255	4458
255	11552
255	18903
256	1639
256	4160
256	7230
256	7815
256	17440
257	2199
257	4371
257	5356
257	7637
257	14840
257	15408
257	16008
257	17643
257	19028
258	2117
258	4065
258	8604
258	12685
258	13413
258	14284
258	17949
259	1556
259	3387
259	11117
259	13706
259	13840
259	19930
260	1554
260	4195
260	5167
260	13941
260	18284
260	18621
261	2899
261	10583
261	10743
262	4663
262	13500
262	13667
262	14160
263	243
263	4872
263	6342
263	10339
263	14641
264	4223
264	8440
264	11350
264	11797
264	18010
265	1253
265	4257
265	4622
265	19190
266	194
266	7267
266	7960
266	12008
266	13862
267	5617
267	10767
267	16415
267	16586
267	17069
268	2330
268	10103
268	13101
268	14827
268	16531
268	17304
269	844
269	2222
269	10945
270	7867
270	7961
271	3173
271	5437
271	8482
271	11532
271	12232
272	2146
272	10171
272	10967
272	12028
272	14998
273	37
273	10266
273	11258
273	12985
273	13805
273	18130
274	4089
274	5779
274	7731
274	9698
274	14774
274	16594
275	2762
275	6366
275	7558
275	9169
275	12385
275	17435
276	4525
276	16113
276	16214
276	18942
277	1517
277	5216
277	6802
277	15659
277	17377
278	173
278	4980
278	11444
279	7759
279	17936
279	18074
280	575
280	3933
280	8109
280	12240
280	13721
280	17361
281	9907
281	17339
282	353
282	3730
282	9626
282	10140
282	10391
282	10847
282	12552
282	17201
282	18427
283	305
283	3373
283	5506
283	12393
283	16014
283	19120
284	1667
284	4184
284	4484
284	7517
284	7630
285	2074
285	2844
285	9152
285	14924
285	17521
286	202
286	983
286	18911
287	4190
287	16725
287	17786
288	6606
288	8468
288	13145
288	14143
288	17651
289	4332
289	6933
289	9396
289	13093
289	15324
289	16218
290	4201
290	9293
290	16108
291	286
291	16099
291	17109
291	17573
292	7976
292	10882
292	11263
292	15683
292	16636
293	1314
293	3040
293	8592
293	13072
294	7304
294	8486
294	8892
294	10631
294	11155
294	12086
294	16842
295	225
295	5494
295	8154
295	10524
295	15204
295	15422
295	18913
296	1115
296	3006
296	7288
296	7897
296	8057
296	14428
297	8861
297	18006
298	5347
298	8630
298	18882
299	421
299	1372
299	5094
299	10080
299	12539
299	15603
299	19471
300	1555
300	7503
300	18512
301	2570
301	8870
301	18563
302	988
302	5552
302	14228
303	7933
303	9518
303	10962
303	11081
303	12316
304	5438
304	7579
304	7607
304	8250
304	12087
305	5746
305	9924
305	16350
306	304
306	3593
306	4281
306	5956
306	6008
306	6604
306	12525
306	14639
307	13590
307	16150
308	829
308	5827
308	6894
309	227
309	3187
309	5663
309	19026
310	204
310	2197
310	2768
310	7065
310	9923
310	10581
310	16041
310	18580
311	8626
311	15417
311	16027
311	18349
312	1381
312	7485
312	9500
312	14314
312	14693
313	1315
313	4477
313	6073
313	9053
313	15474
314	13377
314	14812
315	4415
315	7486
315	11903
315	15815
315	17603
316	14657
316	16069
316	16762
317	5051
317	9253
317	11725
317	14626
317	18311
318	854
318	6045
318	6590
318	7420
318	7554
318	8853
318	12218
318	13014
318	13548
318	15080
319	2450
319	3367
319	14159
319	17110
319	17120
319	18439
320	6747
320	8568
320	16053
321	920
321	4270
321	4976
321	5026
321	19429
322	1094
322	3160
322	6160
322	6635
322	11243
322	11702
322	17690
323	7426
323	14800
323	15845
324	882
324	2666
324	5516
324	6734
324	11546
324	16720
324	17675
324	18455
325	1992
325	3231
325	7005
325	7856
325	8954
325	12926
325	13147
326	3214
326	12997
326	13364
326	14245
326	19669
327	3823
327	17934
328	1839
328	11720
329	503
329	7695
329	9140
329	11846
330	9259
330	11050
330	19545
331	1816
331	3404
331	7250
331	8548
331	11456
331	15803
331	17532
331	19983
332	5412
332	5556
332	6840
332	7453
332	8629
332	13857
332	19451
333	3213
333	9501
333	17062
333	17116
333	17653
333	18641
333	19396
334	3313
334	4048
334	7154
334	17696
334	17757
335	571
335	7658
335	8274
335	19237
336	3985
336	5899
336	8053
336	15823
337	2805
337	6741
337	9023
337	16800
337	17632
337	17892
338	436
338	10324
338	13023
338	15476
338	17923
339	2457
339	10887
339	16995
340	10023
340	13321
340	13752
340	15073
340	16400
340	16443
341	618
341	776
341	3963
341	7188
341	7410
341	9365
341	10648
341	11948
341	13991
342	9625
342	12764
342	16497
343	156
343	541
343	1173
343	3412
343	4818
343	10855
343	18758
344	5276
344	9459
344	13386
345	1350
345	11639
345	14074
345	15544
345	15846
345	19330
346	9578
346	15052
347	676
347	980
347	7892
347	8119
347	9266
347	10661
348	2238
348	3999
348	8476
348	9902
348	18527
349	7845
349	8549
349	13809
350	1317
350	1799
350	3987
350	7787
351	2217
351	3769
351	7429
351	8532
351	9609
351	12944
351	15736
351	18914
352	2510
352	6309
352	13538
352	13784
352	18741
353	683
353	13352
353	14300
353	17600
353	19486
354	1022
354	1584
354	6402
354	7848
355	2658
355	9718
355	9954
355	11621
355	18401
356	5455
356	8699
356	8966
356	18319
357	4315
357	5754
357	6792
357	16985
358	589
358	3742
358	10865
359	871
359	4654
359	7648
359	7681
359	8019
359	11958
359	12244
359	14120
360	3388
360	10432
360	12017
360	16237
361	710
361	3628
361	7544
362	938
362	1864
362	2364
362	11002
362	14006
363	2169
363	16130
364	2241
364	2467
364	4208
364	6701
364	7687
364	12451
365	596
365	2920
365	3201
365	4968
365	8165
365	12001
366	4554
366	4770
366	8633
366	13317
366	15464
366	17442
366	19229
367	4319
367	5870
367	7930
367	12243
368	2707
368	2737
368	9226
368	15559
369	2148
369	4185
369	8354
369	15077
370	2072
370	14418
370	16772
370	16861
370	17972
371	3237
371	7481
371	8270
371	13885
371	16309
372	6282
372	10431
372	14979
373	758
373	1748
373	3252
373	9531
373	12790
373	13791
374	3648
374	5602
374	7839
375	874
375	3531
375	8697
375	15014
375	18873
375	19635
376	246
376	8621
376	12101
376	12820
376	15692
376	16117
376	16516
377	2708
377	3695
377	10974
377	11643
377	18090
378	2090
378	3346
378	5069
378	6196
378	9228
378	13685
378	16821
378	17777
379	311
379	2332
379	3191
379	16357
380	7278
380	11808
380	12236
380	14166
380	16436
380	17299
380	18972
381	9850
381	14809
382	171
382	7309
382	8746
382	15610
382	16056
383	1913
383	2331
383	3859
383	5065
383	5868
383	19212
384	789
384	4883
384	5601
384	8179
384	9107
384	12312
384	15487
385	640
385	770
385	5146
385	9990
385	15237
385	15904
386	7843
386	18132
386	18573
387	6930
387	7454
387	8442
387	11626
387	12376
387	13646
388	13505
388	14505
388	14825
388	16681
388	17272
388	19896
389	4753
389	16110
390	1289
390	2944
390	3440
390	3520
390	12815
390	14039
390	14529
391	3806
391	11955
391	12130
391	14111
391	17879
391	19871
392	5541
392	5952
392	11430
392	11632
392	13196
392	19752
393	132
393	985
393	6897
393	8045
393	10795
393	16000
394	369
394	5698
394	9644
394	11912
394	16913
395	293
395	10658
395	12646
395	13900
395	15330
396	2174
396	2748
396	3636
396	12128
396	15241
396	18046
397	1076
397	3297
397	4629
397	10515
397	10921
397	12480
397	15333
397	15952
397	17523
398	779
398	9022
398	10054
398	11712
398	12429
398	15873
398	19450
399	2137
399	5138
399	7559
399	16564
400	9088
400	9323
400	11995
401	7279
401	14092
401	17645
402	4262
402	6242
402	18292
403	1215
403	14830
403	17314
404	2738
404	14267
404	15427
404	18793
404	19110
405	5170
405	6862
405	13158
405	16158
405	18216
406	5308
406	5771
406	8039
406	11785
406	16220
406	16289
407	2502
407	3789
407	4592
407	10571
407	14921
407	18028
407	18626
408	2586
408	11355
408	18629
409	13468
409	15350
410	777
410	3048
410	4128
410	8296
410	8562
410	9238
410	13979
411	1136
411	4712
411	6452
411	10604
411	11726
411	18528
412	479
412	3739
412	3810
412	5767
412	15159
413	6446
413	10518
413	12771
413	15314
413	15833
413	19621
414	600
414	5922
414	10517
414	10857
414	15087
415	5856
415	6328
415	7212
415	14230
415	17678
415	19593
416	7361
416	12395
416	13385
416	16872
417	1446
417	5440
417	5943
417	10873
417	14850
417	19810
418	962
418	3486
418	4166
418	8304
418	14990
418	16737
418	17899
418	18464
419	1716
419	1900
419	6775
419	11103
420	150
420	11218
420	11756
420	12822
420	15046
421	43
421	1493
421	6028
421	8847
421	10705
421	18855
422	4081
422	7567
422	9254
422	17991
423	656
423	5719
423	8241
423	12784
423	14303
423	15575
423	19410
423	19647
424	4161
424	6211
424	7106
424	14598
424	15142
424	18659
424	19304
425	4837
425	5623
425	15022
426	2263
426	8721
426	10843
426	12703
426	13104
427	505
427	8122
427	8167
427	19511
428	4524
428	10652
428	15854
429	134
429	1611
429	10928
430	8691
430	15121
430	18589
430	19513
431	8155
431	9713
431	10361
431	16715
431	16739
431	17249
432	3028
432	15918
432	18412
433	3843
433	10034
433	11782
433	12113
433	13599
433	14290
433	18596
434	3801
434	3894
434	6012
434	14561
434	17180
435	9101
435	11382
435	19261
436	429
436	550
436	709
436	6690
436	8640
436	10874
436	11181
436	13656
436	17503
436	17968
437	3374
437	8971
437	16074
437	18063
438	2
438	9908
438	9939
438	17695
439	235
439	977
439	1501
439	2443
439	13952
439	19013
440	7218
440	8026
440	17479
440	19076
441	4710
441	15828
441	17885
442	3046
442	5872
442	6938
442	7327
442	9963
442	16039
443	4726
443	12270
444	4955
444	7008
444	13539
444	13754
444	16186
444	19623
445	292
445	3653
445	11022
445	11821
445	12887
445	15181
445	19195
446	1776
446	1975
446	3026
446	9231
446	16259
446	16642
447	11052
447	11762
447	17010
448	5915
448	7855
448	11357
448	17628
448	19035
449	3293
449	7913
450	3392
450	10429
450	19500
451	7132
451	13091
451	16478
451	19428
452	8538
452	9496
452	11126
452	13738
453	584
453	669
453	1313
453	3132
453	8846
453	13961
454	3242
454	3678
454	5283
454	11340
454	14768
455	2743
455	4337
455	9797
455	15969
455	16987
456	887
456	10076
456	15301
456	15856
456	17733
457	1545
457	2798
457	7639
457	12292
457	12625
458	2500
458	4565
458	15207
458	17070
459	1063
459	5358
459	7569
459	8355
459	9095
459	10476
459	12027
459	13003
459	18441
460	3259
460	6477
460	13746
461	6671
461	17038
461	17073
462	1833
462	13417
462	13705
462	14706
462	14934
463	2836
463	4824
463	6794
463	15903
463	18167
464	655
464	2856
464	5360
465	3446
465	3713
465	3755
465	7129
465	16505
466	4243
466	7257
466	10272
467	1560
467	4148
467	11461
468	4916
468	5319
468	7290
468	8022
469	334
469	13531
469	14586
470	6394
470	6766
470	16758
471	864
471	3642
471	10075
471	18303
472	2814
472	3752
472	8706
472	9269
472	9874
472	10588
472	16655
473	1074
473	9034
473	12810
473	18834
473	19687
474	3335
474	6207
474	17589
475	11101
475	13877
476	1848
476	5803
476	10466
477	3998
477	14259
477	16865
478	7291
478	10042
478	10328
478	14406
479	4276
479	7693
479	10348
479	10866
479	11431
479	16638
479	18518
480	1431
480	9044
480	9996
480	14312
481	4036
481	4093
481	10178
481	11892
481	12598
481	13167
481	19722
482	10106
482	10829
483	3223
483	9927
483	16171
484	13741
484	17528
484	17925
485	4049
485	4830
485	7700
485	12126
486	3669
486	5520
486	18586
487	2655
487	2680
487	7175
487	7428
487	16301
487	17327
488	392
488	1070
488	1744
488	5891
488	6439
488	12794
489	4308
489	12497
490	11197
490	14718
490	18137
490	19252
491	1467
491	1514
491	6114
491	14319
491	16021
491	19936
492	96
492	12673
492	15061
492	15182
492	19822
493	4971
493	8940
493	12920
493	19209
493	19413
494	3052
494	5718
494	19729
495	1928
495	4657
495	12179
496	27
496	8188
496	9066
496	11555
496	13426
496	14474
497	5797
497	10542
497	12957
498	6286
498	6944
498	13202
498	16471
498	18364
499	5199
499	6224
499	6870
499	7403
499	12667
500	2066
500	15896
500	19581
501	2848
501	17617
502	621
502	2413
502	12408
502	12575
502	16778
503	3222
503	8161
503	9782
503	10481
503	17227
503	17494
503	18966
504	6485
504	8322
504	9015
504	13278
504	16124
504	16572
505	4591
505	15086
505	15100
506	873
506	1894
506	9021
506	12890
506	15123
507	5626
507	11415
507	13846
508	1963
508	6563
508	7883
508	19468
509	1540
509	13990
509	18007
509	18241
509	18321
509	19499
510	1837
510	11706
510	13126
510	18152
511	1101
511	2273
511	6515
511	12800
511	18070
511	18270
512	675
512	4795
512	13902
513	11708
513	14000
513	14673
514	2797
514	3622
514	14472
514	18724
515	3654
515	8209
516	4451
516	15715
517	1795
517	2194
517	6562
517	10592
517	15576
517	18353
518	3524
518	7692
518	11618
518	17386
519	512
519	2386
519	6346
519	10193
520	3277
520	6246
520	8800
521	3621
521	4673
521	7422
521	19989
522	38
522	1040
522	2370
522	5707
522	11266
523	2608
523	4870
523	14557
524	1394
524	3114
524	3462
524	3522
524	12863
524	16160
524	18732
525	3045
525	4731
525	4903
525	9432
525	10003
525	10827
525	11646
525	19736
526	2049
526	9766
526	17586
526	19494
527	7034
527	7311
527	8190
527	12558
527	16461
527	16678
528	1924
528	4947
528	14042
529	2994
529	10457
529	12265
529	15491
529	18481
530	4356
530	8156
530	16203
531	3330
531	4222
531	8802
531	10912
531	17004
532	7863
532	7985
532	11356
533	2208
533	7555
533	19717
534	7050
534	7229
534	13680
534	17889
535	1534
535	9968
535	10273
535	12384
535	12724
535	12772
535	17987
535	19743
536	3947
536	13586
537	7059
537	7900
537	10329
537	15011
538	174
538	10050
539	2033
539	7810
539	8018
539	11316
539	14173
539	15150
539	16870
540	8569
540	10110
540	13455
540	17797
541	5523
541	13972
542	870
542	5695
542	8803
542	9956
542	10902
542	14501
542	18645
543	2031
543	16584
543	18997
544	1444
544	2202
544	4229
544	6721
544	7509
544	10651
544	12016
545	1081
545	2189
545	2203
545	7948
545	9498
545	17012
546	2144
546	3249
546	6459
546	7172
547	399
547	11686
547	17731
547	19164
548	477
548	866
548	5402
548	12889
548	15553
548	16627
548	18836
549	1072
549	4216
549	4499
549	9870
549	12657
549	14060
549	16240
550	3061
550	3167
550	7736
550	9052
550	17619
551	4943
551	6873
551	10064
551	15273
551	18247
551	18560
552	894
552	2513
552	4847
552	11099
552	12708
553	1950
553	3884
553	4299
553	18510
553	19643
554	6901
554	7849
554	16179
555	7280
555	12503
555	13665
555	14592
555	18967
555	19154
555	19986
556	2478
556	5906
556	7352
556	8302
556	12528
557	3364
557	7844
557	8964
557	11563
557	13935
557	15924
558	3011
558	5595
558	6798
558	6953
559	143
559	2509
559	2642
559	4877
559	11829
559	13203
560	1295
560	7380
560	7578
560	13022
560	13400
561	11346
561	13416
561	17313
562	17671
562	17807
563	4285
563	6672
563	10130
563	12766
563	13970
563	17248
564	5152
564	6648
564	7717
565	11161
565	17859
566	13732
566	15355
566	15753
566	16989
567	7362
567	18107
568	5765
568	7045
568	7984
568	12386
568	14491
568	17902
568	19897
569	355
569	416
569	6414
569	10376
569	12268
569	12768
569	14757
569	17256
570	10046
570	10104
570	18078
571	2589
571	4853
572	1036
572	1934
572	7952
572	8166
572	11534
572	12801
572	14973
572	16754
573	2228
573	5682
573	14268
573	17224
574	8817
574	9555
574	15369
574	17375
575	400
575	4403
575	7929
575	8003
575	19000
575	19981
576	6122
576	7673
576	9567
577	137
577	2388
577	3559
577	3844
577	9641
577	15841
577	18746
578	4899
578	14330
579	4145
579	6381
579	7355
579	8239
579	15685
580	4224
580	12273
580	13645
580	14705
581	3304
581	5690
581	9512
581	12080
581	18196
582	5929
582	8472
582	13079
582	14337
582	14776
582	14910
583	2403
583	15581
584	14961
584	15722
584	19964
585	4219
585	17644
586	193
586	7415
586	12462
586	14627
586	16727
587	1574
587	1846
587	2647
587	6865
587	8204
587	12149
587	15726
588	508
588	2139
588	4445
588	4809
588	7190
588	7753
588	8547
588	13965
588	16072
589	5186
589	16450
590	544
590	3444
590	4895
590	8987
590	13381
590	18682
590	18722
591	5953
591	7512
591	13664
591	17806
591	19004
592	2750
592	8368
592	18564
592	18849
593	915
593	8965
593	10047
593	18089
593	19664
594	2308
594	2400
594	12852
594	14574
595	1025
595	9422
595	15552
595	19310
596	4713
596	7203
596	18483
597	1759
597	8887
597	9353
597	15535
598	1114
598	5151
598	5472
598	9097
598	11172
598	15117
598	18532
598	19913
599	4822
599	4962
599	6732
599	9486
599	11505
599	16371
599	18173
600	514
600	9855
600	19289
601	340
601	1910
601	4951
601	6247
601	13852
601	17040
602	3538
602	14203
602	14919
602	15832
603	36
603	6755
604	6133
604	9829
604	11953
604	12509
604	14099
605	3595
605	6216
605	9277
605	10203
605	18201
606	144
606	1736
606	6002
606	6963
606	15991
607	778
607	1259
607	12529
607	17887
607	18723
608	1960
608	5063
608	11150
609	4149
609	4594
609	5060
609	10332
609	11724
609	15708
610	6395
610	19620
611	4953
611	13004
611	14429
611	16075
612	2225
612	5066
612	6194
612	9699
612	13557
612	18339
612	18908
613	1877
613	4829
613	12927
613	17232
614	77
614	4721
614	7197
614	10904
614	16095
615	9520
615	10300
615	13419
615	13547
615	18058
615	19852
616	4740
616	10486
616	12971
616	13545
616	13771
616	17754
616	19259
617	2434
617	3133
617	8025
617	9450
617	14938
618	950
618	1043
618	5636
618	7208
618	7382
619	1424
619	3614
619	5118
619	6658
619	14481
619	14583
620	261
620	6890
620	7223
620	9221
620	9665
620	12952
620	15307
620	18236
621	9748
621	11841
621	17463
622	7078
622	8929
622	18688
622	19069
623	1591
623	2564
623	3932
623	15600
623	16238
624	282
624	2970
624	6392
624	19243
624	19311
624	19617
625	1708
625	3381
625	4136
625	6464
625	7295
625	18740
625	18802
626	1149
626	3705
626	4194
626	5533
626	9307
626	12795
626	13399
627	5721
627	6260
627	18647
628	7261
628	11761
628	13424
628	18812
629	1632
629	3226
629	3687
629	9825
629	16197
629	17716
630	51
630	6024
630	13565
630	14207
630	14796
630	17714
630	18848
631	3798
631	5396
631	6095
631	10641
631	15628
631	18099
632	704
632	903
632	1937
632	6910
632	8701
632	12687
632	18097
633	9737
633	15656
633	15861
633	17552
634	3955
634	9981
634	14087
634	15957
634	16644
634	18725
634	19303
635	7248
635	9845
635	18828
636	1985
636	3307
636	15771
636	15887
636	18951
637	284
637	5008
637	5866
637	11910
637	12719
637	17177
637	17594
638	2587
638	6796
638	15415
639	1665
639	14405
639	19534
640	8225
640	11770
640	12958
640	18639
641	1470
641	3128
641	3748
641	5067
641	12234
641	15280
642	2631
642	5614
642	6396
642	6450
642	10058
642	14063
642	15444
643	547
643	3180
644	7723
644	9701
644	9917
644	10605
644	17883
644	19653
645	3511
645	6611
645	9043
645	16694
645	19984
646	166
646	3594
646	5431
646	11094
646	15200
646	17337
647	11872
647	12906
647	13866
647	15609
648	4387
648	7942
648	8718
648	9136
648	11397
648	14104
649	1287
649	5227
649	10170
650	12245
650	13469
650	19300
650	19843
651	1326
651	1603
651	9049
651	17242
652	1232
652	5460
652	8988
652	12378
652	12741
652	12956
653	12538
653	18818
654	7337
654	9016
654	16159
654	18804
655	5076
655	6817
655	12917
655	18775
656	1138
656	2986
656	14966
656	16677
657	5183
657	5474
657	9110
657	11999
657	13778
658	5560
658	7338
658	10285
658	13762
658	16813
659	218
659	5190
659	11595
659	17874
659	17983
659	18632
660	9662
660	10785
660	14091
661	310
661	11485
661	18776
661	19473
662	6054
662	8433
662	10646
662	11333
662	19263
663	3962
663	4232
663	5074
663	6629
663	9926
664	3496
664	4351
664	10932
664	12559
664	17800
664	18092
665	1013
665	3421
665	3898
665	13142
666	1631
666	6050
666	8813
666	13326
667	87
667	9530
667	11297
667	11465
667	16867
667	19766
668	1152
668	11665
668	15517
669	2476
669	3972
669	4304
669	11589
669	13241
669	14741
669	19861
670	561
670	3348
670	7276
670	10891
670	11758
671	598
671	2673
671	14398
672	4715
672	7439
672	10672
672	13524
673	1056
673	3104
673	9616
673	9903
673	14453
673	17635
674	2813
674	7487
674	17585
674	18207
675	361
675	4692
675	12662
675	19042
676	5643
676	5879
676	14009
676	15389
676	17518
677	15772
677	17093
678	14482
678	15799
678	17803
678	17910
679	1162
679	2600
679	6820
679	7185
679	7595
679	17723
680	4282
680	14740
681	3954
681	5547
681	12901
681	13772
681	14334
682	3573
682	6751
682	11990
682	15145
682	16676
683	2884
683	5142
683	6393
683	12405
683	17973
684	2842
684	3241
684	10435
684	11768
684	12093
684	15784
685	3365
685	4291
685	6161
685	14926
685	15220
685	15943
686	4815
686	8822
686	11289
686	15155
686	19640
687	2447
687	6867
687	9546
688	1959
688	12066
688	13447
688	13827
689	2782
689	8370
689	11536
689	14721
689	16530
690	1299
690	10878
690	14833
690	19865
691	1972
691	8205
691	10624
691	10707
691	16055
692	1669
692	3284
692	16077
692	19685
692	19798
693	11354
693	13273
693	15891
694	5937
694	12762
694	17663
695	4263
695	6071
695	8662
695	10017
695	10985
695	14544
696	112
696	6440
696	10120
696	16512
696	18697
697	13156
697	16729
697	17969
697	19706
698	2088
698	6685
698	9406
698	11427
698	15779
699	1938
699	3467
699	16297
700	2854
700	4004
700	4144
700	9298
700	10067
700	13432
700	16511
700	19949
701	1731
701	3721
701	4566
701	9241
701	13611
701	17020
702	7642
702	9678
702	14280
703	3928
703	7760
703	8253
703	9773
703	12264
703	15741
704	1796
704	7397
704	9300
704	14086
704	15704
704	15980
705	4875
705	6223
705	6545
705	19982
706	12756
706	14106
706	19228
707	6516
707	8636
707	12038
707	15161
707	16761
707	18871
708	3848
708	5615
708	10856
708	13404
709	4022
709	6521
709	11871
709	13858
709	18554
710	13380
710	16414
710	17742
711	6474
711	18683
712	3110
712	17504
712	18008
713	2676
713	16394
713	16587
714	2164
714	5594
715	6138
715	10119
715	13694
716	8474
716	9787
716	13482
716	13735
716	14901
716	15336
716	16064
716	17483
717	3505
717	7457
717	12755
717	14519
717	19226
718	5502
718	8607
718	9590
719	4197
719	6345
719	8909
719	14671
719	18973
720	12399
720	19351
720	19452
721	6165
721	6475
721	11607
721	15184
721	16852
722	2425
722	2968
722	6557
722	11516
722	16003
722	16828
723	11617
723	12721
723	14620
724	2266
724	10066
724	10500
724	16314
724	18814
725	5886
725	9235
725	12491
726	377
726	5262
726	14928
727	1363
727	3286
727	12935
727	17209
727	17808
728	3880
728	5414
728	12037
728	15403
728	16866
728	18808
729	3608
729	6060
729	7510
729	11898
729	14525
730	3014
730	4434
730	13495
730	18964
731	9170
731	13661
732	3787
732	4848
732	12787
732	18372
732	18950
733	10724
733	13282
733	18071
733	18614
734	6754
734	7547
734	8128
734	13642
734	14206
734	16143
735	4798
735	19434
736	4752
736	5788
736	5837
736	18068
736	18125
736	19967
737	1015
737	4254
737	13233
737	15134
737	19536
738	216
738	726
738	11750
738	14274
738	14703
738	17222
738	18675
739	1585
739	3480
739	8593
739	16697
739	17796
739	19491
739	19746
740	4515
740	7925
740	12432
741	4984
741	13208
742	482
742	1969
742	4510
742	5939
742	11310
742	16406
742	16848
742	17864
743	2632
743	4641
743	5768
743	9929
743	16603
743	16701
743	19105
744	2001
744	2997
744	12222
745	3567
745	8666
745	10372
745	11710
745	13781
745	16922
745	18582
746	1551
746	10793
746	13725
746	17861
746	19603
747	442
747	10514
747	12543
747	12729
747	13893
748	2391
748	2565
749	2334
749	17990
749	19234
750	2353
750	6936
750	9522
750	17258
751	3672
751	5661
751	6109
751	14417
751	16551
752	4987
752	8080
752	12960
752	18266
753	4101
753	6096
753	8352
753	8544
753	10788
753	11893
753	18726
754	3432
754	9859
755	6199
755	6298
755	6512
755	15585
755	19281
756	2917
756	5230
756	8808
756	17412
756	17955
757	168
757	7174
757	18393
758	1272
758	7688
758	10950
758	16746
759	4116
759	4523
759	9089
759	12738
759	19277
759	19615
760	5874
760	15960
760	15985
760	17163
760	18490
760	19091
761	1082
761	8609
761	12345
761	18763
762	5983
762	8044
762	8410
762	10267
762	15032
762	15570
762	16059
763	6451
763	13605
764	6369
764	7627
764	12064
764	18161
764	18692
765	6572
765	7286
765	8189
766	3918
766	8914
766	15545
766	16683
767	971
767	3043
767	5371
767	12640
767	14564
768	717
768	15172
768	15221
769	9687
769	13944
769	18694
769	18889
770	694
770	2807
770	6033
770	12702
770	15728
770	17027
771	2919
771	5826
771	11908
772	654
772	6231
772	8694
772	11296
772	11462
772	12035
773	1374
773	3842
773	3917
773	5608
773	5889
774	647
774	14059
774	15078
774	15177
774	18041
775	4071
775	4268
775	14101
775	14595
776	12195
776	13850
776	17058
777	373
777	4244
777	8722
777	17830
778	688
778	2126
778	2170
778	5847
778	13756
779	928
779	7322
779	14047
779	14199
779	14575
779	15885
780	2356
780	17000
781	33
781	7778
781	11314
781	16363
781	16948
781	17843
781	19909
782	1707
782	12459
782	15089
783	60
783	9799
783	14541
783	17357
784	5086
784	12157
784	18430
784	18919
785	3377
785	6129
785	10299
785	12966
785	14447
785	17481
785	17646
785	18654
786	5226
786	8279
786	8531
786	13576
787	3574
787	6986
787	9220
787	13217
787	13520
787	16430
787	16502
787	18212
788	3417
788	4020
788	7792
788	10024
788	12573
788	14443
788	18146
789	323
789	15869
789	17151
789	17451
790	362
790	13962
790	14643
790	15673
790	16199
790	18548
791	1349
791	4605
791	6379
791	17033
791	17487
792	1468
792	6949
792	10610
792	12908
792	15676
792	16928
793	501
793	2044
793	2648
793	6825
793	9527
794	6099
794	11114
794	18549
795	13872
795	15930
795	16955
795	18243
796	285
796	997
796	2026
796	6808
796	8483
796	8540
797	4357
797	6277
798	1238
798	7015
798	8429
798	12916
798	19520
799	1445
799	5851
799	12498
799	15966
800	1000
800	2875
800	7098
800	7374
800	10025
800	14449
801	8900
801	15251
801	16696
802	2335
802	12893
802	13687
802	18968
803	6662
803	13650
803	13936
804	5599
804	8272
804	10008
804	18979
804	19266
805	910
805	7438
805	12219
805	14694
806	1292
806	6885
806	10983
806	11904
806	13305
806	19762
807	1677
807	4122
807	5549
807	6182
807	7737
807	8295
807	10191
807	15096
808	6385
808	14110
808	16520
808	17268
808	19910
808	19955
809	1328
809	1520
809	6240
809	9537
809	14907
809	15070
809	15339
809	19160
810	16401
810	19851
811	7708
811	10236
812	671
812	2554
812	3188
812	11506
813	1026
813	6928
813	9740
813	16073
814	1103
814	5430
814	10004
814	12436
815	803
815	1016
815	5410
815	5680
815	7173
816	9523
816	12635
817	2494
817	2569
817	4989
817	9389
817	9604
817	9607
817	18926
818	1100
818	9086
818	17490
818	18219
819	4338
819	6723
819	7951
819	8383
819	19608
819	19854
820	473
820	15878
821	5604
821	6795
821	8512
821	11437
821	13160
821	15672
822	3218
822	4664
822	5753
822	6358
822	13172
822	14939
823	828
823	877
823	1267
823	1728
823	6846
823	7825
823	9582
823	11481
823	13881
823	14412
824	4889
824	8088
824	12068
824	12805
824	14485
825	4123
825	4755
825	9789
825	11588
825	14818
825	15982
825	16684
826	1344
826	5701
826	10426
826	15178
826	18634
827	308
827	649
827	4031
827	6384
827	8027
827	19517
828	2491
828	3210
828	3776
828	5212
828	9579
828	18144
829	383
829	633
829	1945
829	2956
830	5406
830	7501
830	9311
830	9809
830	10910
830	13854
831	2514
831	18037
831	19725
832	45
832	3506
832	11951
833	2720
833	4816
833	5808
833	7143
833	8582
834	11718
834	12108
834	14538
834	15167
834	15442
834	18223
835	3423
835	5228
835	19727
836	50
836	791
836	3146
836	3951
837	1286
837	3484
837	8525
837	19932
838	4146
838	4564
838	7701
838	8375
838	13124
839	14410
839	16015
840	357
840	6411
840	6916
840	10425
840	10954
840	13569
841	309
841	2622
841	6517
841	8313
841	8554
841	17376
841	18672
841	19060
842	3786
842	7809
842	8011
842	10621
842	11213
842	17423
843	2911
843	3525
843	4068
843	5405
843	11445
844	11220
844	12060
844	12664
844	16699
845	3414
845	8070
845	13251
845	17387
846	4390
846	4956
846	5372
846	5456
846	10201
846	11700
846	16550
847	7378
847	9736
847	10211
847	11921
847	14649
847	16265
847	18890
848	5361
848	6843
848	7495
848	8600
848	13929
848	16785
849	784
849	3034
849	4748
849	19600
850	7884
850	12950
850	14378
850	14983
850	17519
850	18183
851	9823
851	18153
852	6210
852	6708
852	9612
852	15792
853	2651
853	8828
853	10091
853	11839
853	13975
853	14055
854	3478
854	5598
854	10094
854	13813
855	2696
855	7954
855	15169
855	15428
855	15987
856	3428
856	4425
856	17952
856	19102
857	4470
857	5376
857	6762
857	14071
857	17771
858	3443
858	4382
858	6285
858	6332
858	10307
858	11182
858	14933
859	2081
859	2838
859	4856
859	10158
860	1858
860	8032
860	17455
861	8819
861	9232
862	759
862	774
862	1073
862	2731
862	14328
862	14798
862	16462
862	18171
862	19973
863	8277
863	11337
863	11453
864	4474
864	5688
864	9275
864	11123
865	3220
865	6262
865	7580
865	9772
865	16340
865	17802
865	18633
866	10728
866	11970
866	14802
866	18398
867	441
867	725
867	10881
867	18077
867	18623
868	5343
868	7598
868	8050
868	10292
868	10867
868	15580
868	16807
869	3794
869	6198
869	17384
870	2045
870	3533
870	5182
870	5242
870	7763
870	18525
870	19417
871	939
871	1261
871	9261
871	14944
871	15432
872	12019
872	15291
873	7556
873	18408
873	18463
874	926
874	5105
874	13615
875	5526
875	9243
875	10727
875	12075
876	3255
876	6720
876	11544
876	11661
876	15304
877	389
877	9109
877	10716
877	15285
878	1415
878	11414
878	12302
878	13184
878	13753
879	1609
879	3409
879	3968
879	4787
879	10015
879	17898
879	18405
880	3012
880	5129
880	11278
881	2430
881	14433
881	14877
881	14931
881	17875
881	19533
882	380
882	8462
882	13968
882	14819
882	15475
882	17369
882	19125
883	130
883	2529
883	3225
883	11109
883	12516
884	7169
884	7689
884	10698
884	16016
885	1048
885	1753
886	1019
886	5458
886	15340
887	8809
887	11024
888	1593
888	3766
888	7183
888	9047
888	13214
888	16926
888	19446
889	276
889	6538
889	11288
889	11744
889	12298
890	6699
890	8425
890	19697
891	4850
891	5982
891	16013
891	19460
892	1377
892	15578
892	16492
892	18343
893	10982
893	12914
893	14711
894	7470
894	7770
894	18762
894	19078
895	1456
895	5043
895	8826
895	13828
896	5266
896	5971
896	6497
896	7247
896	10462
896	13577
896	13884
896	14165
897	2977
897	5850
897	7739
897	13589
897	15740
897	17767
898	4504
898	5078
898	7365
898	9018
898	17007
898	17335
899	8079
899	9776
899	14653
899	14700
900	843
900	1177
900	7000
900	8013
900	9019
900	11006
900	14873
900	19963
901	585
901	737
901	3597
901	6695
901	8428
901	19079
902	12320
902	12326
902	18012
902	19049
903	2821
903	6430
903	10492
903	15649
903	16747
903	19731
904	2931
904	5483
904	7111
904	8180
904	14223
905	1642
905	13704
905	15748
905	19025
906	3246
906	12953
906	17288
906	17775
906	18671
907	2486
907	3778
907	6642
907	7356
908	2473
908	14100
908	19853
909	3359
909	5327
909	9068
909	14868
909	19358
910	12700
910	13525
911	9142
911	10289
911	14026
911	15029
911	17749
912	4138
912	6745
912	7451
912	11670
912	16755
913	2643
913	9192
913	18631
913	19051
914	108
914	2878
914	7875
914	16281
915	46
915	651
915	8871
915	18702
916	16580
916	17358
916	17975
917	7733
917	9186
917	14473
917	16067
918	7472
918	9118
918	11318
918	15661
919	115
919	1325
919	3858
919	5613
919	6508
919	9211
919	12045
919	14547
920	390
920	940
920	2695
920	4665
920	4831
920	6292
920	8373
920	8487
920	12650
920	19972
921	4498
921	5306
921	6455
921	17608
922	6357
922	10580
922	13888
922	14137
922	17834
923	6121
923	9305
923	10577
923	10593
923	13439
923	15839
923	16222
923	17917
923	18256
924	4534
924	7357
924	7539
924	10420
924	15282
925	593
925	16338
925	19467
926	1240
926	4600
926	7989
926	8478
926	17030
927	3464
927	6206
927	9402
928	8215
928	18100
928	19767
929	2764
929	12561
929	14124
929	19188
930	5155
930	12052
930	17895
930	18461
931	8565
931	11463
931	16984
931	19855
932	9708
932	12125
932	16239
932	17592
933	8015
933	11886
933	18365
933	19369
934	2865
934	5884
934	9246
934	9617
934	13490
934	17650
935	3716
935	5238
935	12029
935	12864
935	15541
935	17469
935	17541
935	18220
935	18898
936	679
936	3205
936	4501
936	9669
936	11560
936	13653
936	15318
936	15802
936	16854
937	4513
937	15289
937	16592
938	4249
938	17328
939	1406
939	5670
939	7872
939	8978
939	9688
939	9947
939	10784
940	1905
940	4348
940	4363
940	5191
940	9767
940	11207
940	14875
940	19742
941	533
941	1982
941	8431
941	9035
941	17026
942	11
942	3683
942	4237
942	8081
942	14171
942	18315
943	18116
943	18163
943	19870
944	2173
944	3093
944	13907
945	366
945	3039
945	4747
945	10780
945	11112
945	17389
946	7757
946	13963
946	14584
946	16029
946	17554
946	18613
947	783
947	4163
947	5477
947	7958
947	11705
947	13992
947	16192
948	1366
948	1460
948	4235
948	9714
948	11047
948	18533
948	19124
949	151
949	344
949	6267
949	7506
949	16019
950	4841
950	8366
950	12256
950	18467
951	5468
951	12057
951	17865
951	18824
951	19321
952	4602
952	12003
952	16359
952	17710
953	3182
953	8710
953	9076
953	10436
953	11349
953	18739
953	18933
954	2906
954	11824
954	17882
955	3395
955	12433
956	1769
956	11593
956	13427
957	8192
957	8823
957	14070
958	4364
958	5959
958	8750
958	10305
958	15040
958	15160
959	1483
959	5049
959	7469
959	10797
959	12002
959	14316
959	16354
960	574
960	4432
960	5249
960	10474
960	10830
960	11133
960	14255
960	15139
961	1531
961	3235
961	6258
961	11533
961	15621
961	16745
961	18105
962	2062
962	4938
962	5349
962	9079
962	10163
962	17308
963	3053
963	3665
963	5279
963	6707
963	13480
963	19056
964	8973
964	14310
964	18260
965	13476
965	13880
965	17596
966	5393
966	9705
966	13438
966	17217
967	2267
967	3472
967	3948
967	11086
967	16965
968	987
968	6585
968	7367
968	12850
968	14821
968	16453
969	327
969	8775
969	12693
969	17137
970	609
970	3819
970	7655
970	10362
971	2291
971	3271
971	3719
971	9657
971	15189
971	16743
971	17790
972	1777
972	3661
972	11914
972	16352
972	18477
973	6348
973	6399
974	5762
974	9598
974	12178
974	13487
974	18662
975	4698
975	15398
975	16079
975	18555
976	1042
976	4284
976	11528
976	17392
977	4152
977	6076
977	8944
977	10544
977	12495
977	14566
977	15309
978	4359
978	12061
978	14878
978	18679
978	19047
979	6293
979	12962
979	16979
979	18127
979	19726
980	2220
980	2974
980	5420
980	10920
980	17063
980	18106
981	2303
981	6837
981	9244
981	14150
981	15998
982	4106
982	9130
982	11004
982	15513
983	4341
983	5832
983	8911
983	14423
983	15660
983	19847
984	4993
984	6143
984	8120
985	8248
985	9732
986	723
986	4324
986	6832
986	6842
986	7003
986	8614
986	11484
986	13527
987	4904
987	10168
987	17719
987	19745
988	1088
988	4072
989	2288
989	3080
989	5542
989	15612
990	3170
990	9303
990	12463
990	16774
990	16835
990	18206
990	18472
991	1704
991	5524
991	7734
991	11435
991	17340
991	17582
991	17729
991	18312
991	19262
992	2592
992	8224
992	12535
993	3795
993	6113
993	10503
993	12341
994	8855
994	12585
995	1581
995	6730
995	6791
995	14444
995	17233
996	2677
996	4317
996	5036
996	5364
996	6180
996	7665
997	5012
997	19325
998	2079
998	9727
998	19098
999	4660
999	10210